0 0.954687 0.5375 0.090625 0.121875
0 0.10625 0.958594 0.19375 0.0828125
0 0.965625 0.6375 0.05625 0.115625
0 0.733594 0.0265625 0.117188 0.053125
0 0.967969 0.525 0.0546875 0.125
0 0.96875 0.791406 0.0625 0.123438
0 0.596875 0.646875 0.175 0.15
0 0.175 0.501562 0.140625 0.14375
0 0.0601562 0.488281 0.120312 0.126563
0 0.107031 0.653125 0.210938 0.203125
0 0.590625 0.148438 0.1125 0.115625
0 0.315625 0.809375 0.18125 0.184375
0 0.894531 0.553125 0.154687 0.159375
0 0.5 0.821094 0.159375 0.142188
0 0.692187 0.2375 0.171875 0.171875
0 0.842188 0.85 0.134375 0.13125
0 0.710938 0.124219 0.134375 0.129688
0 0.630469 0.40625 0.157813 0.165625
0 0.459375 0.235156 0.125 0.110937
0 0.846875 0.264062 0.1625 0.140625
0 0.764844 0.714844 0.139062 0.123438
0 0.528906 0.560156 0.154687 0.145313
0 0.742188 0.577344 0.15625 0.164062
0 0.0929687 0.867188 0.185937 0.19375
0 0.81875 0.401563 0.15 0.153125
0 0.216406 0.124219 0.185937 0.189063
0 0.917188 0.7125 0.140625 0.14375
0 0.174219 0.3125 0.204688 0.19375
0 0.335938 0.4875 0.2125 0.184375
0 0.334375 0.272656 0.184375 0.157813
0 0.428906 0.669531 0.182812 0.154687
0 0.278906 0.641406 0.139062 0.142188
0 0.69375 0.853125 0.146875 0.15
0 0.469531 0.364844 0.157813 0.167187
