0 0.52265625 0.515625 0.6890625 0.628125
0 0.090625 0.53125 0.178125 0.5531250 0.47421875 0.515625 0.6484375 0.7109375
0 0.4578125 0.08046875 0.571875 0.16093750 0.53046875 0.47421875 0.7125 0.78125
0 0.546875 0.93203125 0.628125 0.13593750 0.546875 0.45390625 0.546875 0.721875
0 0.56171875 0.9125 0.5125 0.1750 0.49453125 0.62421875 0.8203125 0.61875
0 0.03671875 0.64140625 0.071875 0.581250 0.54375 0.56484375 0.684375 0.5171875
0 0.096875 0.57890625 0.190625 0.48593750 0.41640625 0.47734375 0.6171875 0.721875
0 0.53125 0.8015625 0.14375 0.09531250 0.575 0.525 0.628125 0.734375
0 0.45859375 0.1953125 0.146875 0.0968750 0.47109375 0.57578125 0.7109375 0.6078125
0 0.790625 0.46328125 0.09375 0.14218750 0.46953125 0.4359375 0.6 0.6875
0 0.44453125 0.025 0.5328125 0.050 0.4828125 0.56484375 0.621875 0.5421875
0 0.06796875 0.5875 0.1328125 0.481250 0.46015625 0.58359375 0.65625 0.571875
0 0.04609375 0.60703125 0.0921875 0.5093750 0.3734375 0.4828125 0.68125 0.81093750 0.48359375 0.58515625 0.7046875 0.59218750 0.52109375 0.56484375 0.7625 0.6406250 0.5578125 0.4453125 0.6125 0.76875
0 0.6234375 0.028125 0.215625 0.056250 0.42578125 0.48203125 0.6921875 0.5515625
0 0.03828125 0.4234375 0.0734375 0.193750 0.49609375 0.43828125 0.578125 0.7265625
0 0.55703125 0.03515625 0.203125 0.07031250 0.4484375 0.44140625 0.753125 0.775
0 0.121875 0.203125 0.24375 0.293750 0.62109375 0.5890625 0.75625 0.821875
0 0.93359375 0.84609375 0.13125 0.306250 0.57265625 0.4296875 0.7296875 0.709375
0 0.79609375 0.11953125 0.2765625 0.23593750 0.5296875 0.52109375 0.740625 0.95625
0 0.81796875 0.82421875 0.165625 0.1703125
0 0.85 0.95625 0.146875 0.08750 0.509375 0.49609375 0.93125 0.7
0 0.78203125 0.22421875 0.1609375 0.15625
0 0.9171875 0.19375 0.103125 0.13750 0.4953125 0.47734375 0.896875 0.6734375
0 0.75703125 0.215625 0.1546875 0.15
0 0.8875 0.18671875 0.1 0.13281250 0.50546875 0.47578125 0.73125 0.9125
0 0.14453125 0.25546875 0.2890625 0.51093750 0.53359375 0.49921875 0.8546875 0.6859375
0 0.75078125 0.14921875 0.4984375 0.29531250 0.4875 0.49453125 0.73125 0.9125
0 0.1359375 0.2640625 0.271875 0.5281250 0.5 0.43046875 1 0.86093750 0.509375 0.425 0.959375 0.8031250 0.5546875 0.5 0.8484375 10 0.48828125 0.515625 0.7671875 0.956250 0.51875 0.50703125 0.94375 0.75781250 0.49609375 0.4921875 0.990625 0.8093750 0.5046875 0.49765625 0.8796875 0.95
0 0.846875 0.78125 0.30625 0.43750 0.49609375 0.4953125 0.9390625 0.86875
0 0.78046875 0.15546875 0.4390625 0.30781250 0.49140625 0.49375 0.959375 0.8875
0 0.77890625 0.1515625 0.4421875 0.3031250 0.4796875 0.5 0.959375 1
0 0.12109375 0.7640625 0.240625 0.4718750 0.5 0.49375 1 0.9875
0 0.128125 0.72421875 0.25625 0.55156250 0.50078125 0.478125 0.9703125 0.94375
0 0.2359375 0.14375 0.465625 0.2843750 0.29609375 0.81015625 0.48828125 0.2984375
0 0.48828125 0.5 0.4421875 0.36328125
0 0.6796875 0.1828125 0.41328125 0.3640625
0 0.7359375 0.7546875 0.32734375 0.3265625
0 0.94921875 0.7265625 0.0953125 0.20234375
0 0.85703125 0.45625 0.28515625 0.28046875
0 0.93828125 0.18203125 0.1234375 0.30781250 0.846875 0.7484375 0.303125 0.503125
0 0.5203125 0.55234375 0.39375 0.4796875
0 0.1875 0.34453125 0.375 0.4484375
0 0.796875 0.28359375 0.3546875 0.35625
0 0.76640625 0.05234375 0.21875 0.103125
0 0.47421875 0.15390625 0.3046875 0.3078125
0 0.1765625 0.06484375 0.3328125 0.12968750 0.28984375 0.82578125 0.50625 0.309375
0 0.48984375 0.503125 0.459375 0.3765625
0 0.68828125 0.18203125 0.428125 0.3625
0 0.746875 0.7671875 0.340625 0.3390625
0 0.95859375 0.7375 0.0828125 0.209375
0 0.8625 0.45859375 0.275 0.290625
0 0.946875 0.17421875 0.10625 0.318750 0.7140625 0.56171875 0.4421875 0.34921875
0 0.21171875 0.56015625 0.4203125 0.303125
0 0.1203125 0.246875 0.23828125 0.324218750 0.53828125 0.2421875 0.384375 0.484375
0 0.53671875 0.78125 0.3328125 0.4375
0 0.19296875 0.88125 0.35625 0.23750 0.60859375 0.23671875 0.403125 0.4734375
0 0.6078125 0.778125 0.35 0.44375
0 0.2453125 0.88359375 0.375 0.23281250 0.40078125 0.5359375 0.765625 0.9281250 0.55078125 0.48359375 0.7 0.8968750 0.4875 0.5609375 0.83046875 0.649218750 0.43359375 0.5234375 0.8671875 0.83750 0.446875 0.515625 0.83203125 0.742968750 0.5640625 0.5546875 0.853125 0.8906250 0.446875 0.4296875 0.8625 0.72421875
0 0.9390625 0.43046875 0.11484375 0.59218750 0.45859375 0.39375 0.915625 0.771875
0 0.96015625 0.3953125 0.078125 0.631250 0.578125 0.4421875 0.75625 0.884375
0 0.57734375 0.94375 0.6171875 0.11250 0.39609375 0.2953125 0.5046875 0.590625
0 0.43984375 0.79921875 0.4515625 0.4
0 0.06015625 0.8890625 0.0796875 0.090625
0 0.05625 0.81328125 0.0703125 0.0609375
0 0.03984375 0.9609375 0.059375 0.05468750 0.7265625 0.478125 0.51171875 0.42421875
0 0.2328125 0.5140625 0.46015625 0.38046875
0 0.21796875 0.19453125 0.07578125 0.0671875
0 0.28203125 0.190625 0.05234375 0.059375
0 0.1578125 0.17734375 0.0453125 0.05
0 0.0390625 0.16875 0.04765625 0.02734375
0 0.08046875 0.16484375 0.02890625 0.0250 0.559375 0.75078125 0.478125 0.496875
0 0.51875 0.246875 0.428125 0.49375
0 0.87890625 0.21796875 0.075 0.084375
0 0.8828125 0.28984375 0.0671875 0.059375
0 0.89765625 0.15 0.05625 0.0515625
0 0.9078125 0.02109375 0.03125 0.0421875
0 0.9125 0.0625 0.028125 0.031250 0.7421875 0.46796875 0.50546875 0.42421875
0 0.2421875 0.490625 0.4828125 0.38828125
0 0.234375 0.17578125 0.07578125 0.071875
0 0.2953125 0.17109375 0.05078125 0.05546875
0 0.05625 0.14453125 0.0453125 0.021875
0 0.0921875 0.1421875 0.0328125 0.0234375
0 0.17265625 0.159375 0.0453125 0.043750 0.73515625 0.46796875 0.528125 0.44375
0 0.2328125 0.4921875 0.465625 0.40625
0 0.20546875 0.16328125 0.078125 0.075
0 0.26953125 0.15859375 0.053125 0.0578125
0 0.021875 0.13125 0.04375 0.021875
0 0.05703125 0.12890625 0.034375 0.025
0 0.140625 0.146875 0.046875 0.04531250 0.43203125 0.25859375 0.490625 0.5171875
0 0.45859375 0.76171875 0.45 0.475
0 0.09453125 0.81171875 0.0828125 0.0875
0 0.0890625 0.74140625 0.0640625 0.059375
0 0.05625 0.9765625 0.028125 0.0375
0 0.07578125 0.88359375 0.05 0.0531250 0.49140625 0.521875 0.753125 0.8656250 0.5046875 0.465625 0.7375 0.8468750 0.4671875 0.49375 0.83828125 0.730468750 0.90859375 0.3796875 0.04375 0.053125
0 0.9046875 0.4359375 0.04375 0.0484375
0 0.90546875 0.4859375 0.046875 0.046875
0 0.89921875 0.55234375 0.0515625 0.0578125
0 0.86171875 0.4578125 0.05625 0.06875
0 0.8609375 0.52734375 0.05625 0.05781250 0.45390625 0.13671875 0.04453125 0.0359375
0 0.50078125 0.140625 0.040625 0.0375
0 0.54375 0.1390625 0.03984375 0.0390625
0 0.6 0.14453125 0.0484375 0.04375
0 0.5203125 0.1765625 0.0578125 0.0484375
0 0.57890625 0.17734375 0.0484375 0.0468750 0.41796875 0.1234375 0.053125 0.0421875
0 0.4734375 0.12734375 0.046875 0.04375
0 0.52265625 0.1265625 0.046875 0.046875
0 0.58828125 0.1328125 0.05625 0.05
0 0.4953125 0.16953125 0.0671875 0.05625
0 0.56328125 0.1703125 0.05625 0.05468750 0.49765625 0.45234375 0.8375 0.8718750 0.45390625 0.50234375 0.83984375 0.806250 0.44453125 0.52578125 0.8890625 0.8656250 0.446875 0.48203125 0.871875 0.9640625
0 0.20390625 0.1015625 0.175 0.2
0 0.18046875 0.9078125 0.221875 0.184375
0 0.38984375 0.028125 0.2109375 0.056250 0.52109375 0.43515625 0.9546875 0.83125
0 0.86640625 0.20390625 0.190625 0.16796875
0 0.09296875 0.18125 0.184375 0.2125
0 0.9546875 0.38046875 0.08828125 0.20156250 0.45078125 0.5 0.8875 1
0 0.20390625 0.13203125 0.178125 0.203125
0 0.1796875 0.9296875 0.2265625 0.140625
0 0.39296875 0.04296875 0.215625 0.08593750 0.496875 0.47734375 0.8578125 0.896875
0 0.30078125 0.93671875 0.184375 0.12656250 0.51796875 0.534375 0.82109375 0.78515625
0 0.08125 0.3546875 0.1484375 0.168750 0.46484375 0.49921875 0.81875 0.85625
0 0.65234375 0.06015625 0.175 0.12031250 0.45 0.5 0.7546875 10 0.53125 0.48828125 0.7671875 0.97656250 0.4828125 0.471875 0.9640625 0.719531250 0.52890625 0.53984375 0.9375 0.77031250 0.46640625 0.475 0.73125 0.88906250 0.50078125 0.5078125 0.84296875 0.692968750 0.74296875 0.571875 0.5140625 0.625
0 0.38203125 0.26015625 0.4390625 0.5203125
0 0.41484375 0.7640625 0.45625 0.471875
0 0.73828125 0.9109375 0.1953125 0.134375
0 0.728125 0.98984375 0.16875 0.0203125
0 0.6015625 0.953125 0.14375 0.093750 0.53828125 0.26640625 0.57265625 0.53203125
0 0.2453125 0.62734375 0.48984375 0.4015625
0 0.7453125 0.596875 0.4953125 0.41796875
0 0.8484375 0.3015625 0.12265625 0.17890625
0 0.953125 0.3109375 0.0828125 0.15546875
0 0.92109375 0.42578125 0.1515625 0.132031250 0.49296875 0.26484375 0.6453125 0.5296875
0 0.21953125 0.6359375 0.4390625 0.453125
0 0.7234375 0.60234375 0.553125 0.4703125
0 0.84296875 0.26953125 0.1375 0.2015625
0 0.95703125 0.28046875 0.0859375 0.175
0 0.91953125 0.41015625 0.1609375 0.14843750 0.26796875 0.73984375 0.465625 0.496875
0 0.4921875 0.86328125 0.0796875 0.146875
0 0.58828125 0.49140625 0.175 0.196875
0 0.4546875 0.378125 0.165625 0.2046875
0 0.59140625 0.24921875 0.18125 0.225
0 0.58984375 0.05390625 0.2125 0.1078125
0 0.453125 0.13984375 0.165625 0.231250 0.73359375 0.72734375 0.49296875 0.4609375
0 0.85546875 0.50625 0.14609375 0.07890625
0 0.4875 0.41015625 0.1953125 0.17265625
0 0.375 0.54296875 0.20234375 0.1640625
0 0.24765625 0.40703125 0.221875 0.178125
0 0.05390625 0.409375 0.10703125 0.2109375
0 0.13984375 0.54375 0.228125 0.163281250 0.73046875 0.259375 0.5109375 0.51875
0 0.48515625 0.10859375 0.0875 0.1625
0 0.37890625 0.51796875 0.190625 0.2171875
0 0.52578125 0.6421875 0.1828125 0.225
0 0.37578125 0.78359375 0.1984375 0.246875
0 0.378125 0.96953125 0.234375 0.0609375
0 0.52734375 0.88828125 0.18125 0.2218750 0.48984375 0.4828125 0.9171875 0.965625
0 0.37734375 0.95390625 0.2203125 0.0921875
0 0.1953125 0.85546875 0.23125 0.24843750 0.5453125 0.48359375 0.88828125 0.8140625
0 0.03515625 0.2109375 0.06796875 0.18984375
0 0.0765625 0.38359375 0.15078125 0.19609375
0 0.1984375 0.221875 0.21953125 0.205468750 0.5484375 0.4875 0.903125 0.828125
0 0.0328125 0.2109375 0.065625 0.19375
0 0.07421875 0.3859375 0.1484375 0.2
0 0.19609375 0.221875 0.2234375 0.2093750 0.47265625 0.5 0.825 1
0 0.1390625 0.1859375 0.128125 0.15625
0 0.1125 0.6953125 0.0859375 0.0921875
0 0.15703125 0.0296875 0.1453125 0.059375
0 0.24375 0.075 0.10625 0.1218750 0.5 0.44140625 1 0.8828125
0 0.89609375 0.0578125 0.1765625 0.115625
0 0.3234375 0.03046875 0.103125 0.0609375
0 0.975 0.159375 0.05 0.118750 0.5046875 0.47890625 0.98515625 0.7875
0 0.8171875 0.1609375 0.15 0.12265625
0 0.33125 0.13515625 0.08671875 0.08125
0 0.96875 0.17734375 0.0625 0.1390625
0 0.921875 0.26015625 0.1171875 0.100781250 0.47890625 0.41484375 0.95625 0.82578125
0 0.246875 0.0578125 0.14453125 0.1015625
0 0.0859375 0.0578125 0.1640625 0.086718750 0.42578125 0.50859375 0.85 0.9828125
0 0.05703125 0.75 0.1046875 0.1484375
0 0.05703125 0.915625 0.090625 0.168750 0.4484375 0.5 0.896875 1
0 0.03828125 0.72421875 0.0765625 0.1640625
0 0.034375 0.90625 0.06875 0.18750 0.49375 0.55703125 0.89453125 0.696875
0 0.04375 0.390625 0.07734375 0.155468750 0.61953125 0.5 0.7609375 1
0 0.45 0.98984375 0.18125 0.02031250 0.5046875 0.51953125 0.990625 0.821875
0 0.02578125 0.3234375 0.0515625 0.1843750 0.48359375 0.51796875 0.7984375 0.9640625
0 0.1984375 0.203125 0.396875 0.40625
0 0.13984375 0.77734375 0.2796875 0.44531250 0.51953125 0.5 0.8078125 1
0 0.803125 0.81484375 0.39375 0.3703125
0 0.8625 0.23984375 0.275 0.4781250 0.50625 0.49140625 0.91875 0.72265625
0 0.81484375 0.2078125 0.36953125 0.41171875
0 0.2484375 0.15390625 0.4953125 0.307031250 0.471875 0.484375 0.94296875 0.747656250 0.525 0.484375 0.853125 0.968750 0.4875 0.553125 0.84921875 0.668750 0.4390625 0.47578125 0.709375 0.90 0.46484375 0.56875 0.9296875 0.7343750 0.46875 0.4921875 0.8125 0.984375
0 0.7828125 0.80234375 0.434375 0.3953125
0 0.84140625 0.2359375 0.3171875 0.4718750 0.53671875 0.46953125 0.88359375 0.67890625
0 0.83125 0.1953125 0.3375 0.38671875
0 0.27578125 0.14609375 0.55 0.289843750 0.5421875 0.53984375 0.915625 0.7953125
0 0.87421875 0.22265625 0.2515625 0.4453125
0 0.30859375 0.16484375 0.6171875 0.32968750 0.5125 0.5125 0.890625 0.921875
0 0.85234375 0.28359375 0.2953125 0.5671875
0 0.86953125 0.7859375 0.2609375 0.428125
0 0.171875 0.7875 0.34375 0.425
0 0.3953125 0.0296875 0.0875 0.059375
0 0.48671875 0.015625 0.0734375 0.031250 0.515625 0.5125 0.9375 0.96875
0 0.85859375 0.2859375 0.2828125 0.56875
0 0.8765625 0.7875 0.246875 0.425
0 0.16875 0.7890625 0.3375 0.421875
0 0.39296875 0.0171875 0.09375 0.0343750 0.471875 0.4984375 0.8828125 0.853125
0 0.70703125 0.84140625 0.57578125 0.3171875
0 0.209375 0.85625 0.41171875 0.28046875
0 0.20625 0.16875 0.4109375 0.334375
0 0.9390625 0.3875 0.065625 0.08515625
0 0.96640625 0.47421875 0.0671875 0.07031250 0.49609375 0.54140625 0.928125 0.79375
0 0.69453125 0.88828125 0.6046875 0.22343750 0.46328125 0.4890625 0.83125 0.975
0 0.1078125 0.690625 0.215625 0.618750 0.5109375 0.49296875 0.865625 0.984375
0 0.884375 0.2953125 0.23125 0.5906250 0.246875 0.515625 0.4125 0.4875
0 0.55234375 0.24453125 0.4375 0.4890625
0 0.8203125 0.55859375 0.359375 0.4984375
0 0.5328125 0.77421875 0.415625 0.45
0 0.82265625 0.91171875 0.3546875 0.1765625
0 0.8359375 0.1515625 0.328125 0.3031250 0.48828125 0.26328125 0.4734375 0.39921875
0 0.75703125 0.55859375 0.48515625 0.4234375
0 0.44765625 0.8203125 0.48359375 0.35
0 0.22890625 0.53984375 0.45625 0.403125
0 0.096875 0.82265625 0.1875 0.346875
0 0.84375 0.83671875 0.3 0.32656250 0.72734375 0.3890625 0.3640625 0.3140625
0 0.30546875 0.396875 0.37265625 0.3203125
0 0.1875 0.64375 0.35 0.26640625
0 0.53515625 0.6328125 0.33125 0.28125
0 0.9609375 0.446875 0.0671875 0.2640625
0 0.84765625 0.65625 0.29765625 0.30 0.38046875 0.1953125 0.353125 0.390625
0 0.3890625 0.6609375 0.3609375 0.41875
0 0.66640625 0.79375 0.3 0.39375
0 0.6546875 0.4015625 0.3171875 0.371875
0 0.68125 0.10859375 0.3375 0.21718750 0.6109375 0.72578125 0.328125 0.3796875
0 0.603125 0.28515625 0.334375 0.3875
0 0.3453125 0.171875 0.278125 0.34375
0 0.35703125 0.525 0.29375 0.3453125
0 0.55078125 0.9671875 0.275 0.065625
0 0.33203125 0.84765625 0.3125 0.3031250 0.521875 0.5 0.8109375 1
0 0.82734375 0.16328125 0.1875 0.2515625
0 0.8484375 0.8046875 0.153125 0.2343750 0.5109375 0.50390625 0.978125 0.7796875
0 0.18984375 0.2109375 0.2421875 0.18125
0 0.80625 0.190625 0.225 0.14843750 0.51875 0.4953125 0.95390625 0.75546875
0 0.20390625 0.2109375 0.234375 0.175
0 0.80078125 0.190625 0.21875 0.143750 0.4703125 0.42578125 0.93984375 0.85078125
0 0.1859375 0.16875 0.13359375 0.16796875
0 0.0484375 0.36875 0.09609375 0.21015625
0 0.85859375 0.16796875 0.190625 0.147656250 0.56484375 0.47578125 0.8703125 0.9515625
0 0.85390625 0.15078125 0.178125 0.1421875
0 0.6421875 0.028125 0.221875 0.05625
0 0.85390625 0.86484375 0.15625 0.2031250 0.5015625 0.5703125 0.8859375 0.69531250 0.51171875 0.58671875 0.925 0.7250 0.4171875 0.503125 0.834375 0.993750 0.55390625 0.5 0.8375 10 0.50859375 0.58828125 0.96328125 0.753906250 0.53828125 0.53359375 0.884375 0.9328125
0 0.821875 0.95078125 0.096875 0.0984375
0 0.81796875 0.25625 0.178125 0.2109375
0 0.84921875 0.07421875 0.128125 0.14843750 0.528125 0.47890625 0.93046875 0.79453125
0 0.884375 0.22421875 0.1390625 0.08671875
0 0.23359375 0.2265625 0.18984375 0.1609375
0 0.06953125 0.19921875 0.13359375 0.116406250 0.5 0.51484375 1 0.8578125
0 0.8828125 0.23984375 0.15 0.09375
0 0.18046875 0.24296875 0.2046875 0.175
0 0.0375 0.21171875 0.075 0.12656250 0.49140625 0.47421875 0.95546875 0.74453125
0 0.91640625 0.29140625 0.08828125 0.10078125
0 0.984375 0.3 0.03046875 0.10859375
0 0.9609375 0.40703125 0.07734375 0.11250 0.50625 0.46328125 0.9875 0.8531250 0.50625 0.49765625 0.9875 0.8328125
0 0.98671875 0.29296875 0.0265625 0.11250 0.52578125 0.50234375 0.9421875 0.7625
0 0.9546875 0.3421875 0.090625 0.12265625
0 0.975 0.43828125 0.046875 0.11093750 0.48828125 0.5 0.875 1
0 0.671875 0.97734375 0.140625 0.04531250 0.5125 0.47265625 0.93984375 0.79375
0 0.2140625 0.1578125 0.4265625 0.3125
0 0.7890625 0.1640625 0.42109375 0.32656250 0.44296875 0.49765625 0.8609375 0.9953125
0 0.1359375 0.78828125 0.271875 0.4234375
0 0.14296875 0.20625 0.284375 0.41250 0.496875 0.48046875 0.8625 0.9609375
0 0.1625 0.77109375 0.325 0.45625
0 0.16953125 0.1890625 0.3390625 0.3781250 0.48515625 0.50078125 0.7625 0.928125
0 0.14140625 0.753125 0.2828125 0.49375
0 0.16796875 0.1890625 0.3359375 0.3781250 0.5 0.4859375 0.9171875 0.7546875
0 0.24765625 0.14609375 0.49375 0.28046875
0 0.81015625 0.1703125 0.37890625 0.33906250 0.48359375 0.51640625 0.790625 0.9625
0 0.13671875 0.7609375 0.2734375 0.478125
0 0.16484375 0.19453125 0.3296875 0.38906250 0.4953125 0.50625 0.95390625 0.81640625
0 0.16796875 0.83046875 0.3265625 0.32265625
0 0.728125 0.85546875 0.534375 0.283593750 0.4828125 0.48828125 0.846875 0.9765625
0 0.15703125 0.15625 0.3125 0.3125
0 0.13359375 0.7234375 0.2671875 0.5531250 0.46171875 0.5 0.9234375 1
0 0.1296875 0.13359375 0.259375 0.265625
0 0.10390625 0.7078125 0.2078125 0.5843750 0.52265625 0.5 0.8546875 1
0 0.178125 0.175 0.35625 0.350 0.45546875 0.46796875 0.909375 0.71953125
0 0.77890625 0.1640625 0.4421875 0.3265625
0 0.95 0.5125 0.1 0.40 0.54375 0.47890625 0.76875 0.95625
0 0.846875 0.790625 0.30625 0.41875
0 0.49609375 0.9734375 0.428125 0.0531250 0.46484375 0.5359375 0.7625 0.928125
0 0.165625 0.21171875 0.33125 0.4234375
0 0.52109375 0.04140625 0.428125 0.08281250 0.478125 0.46171875 0.95625 0.7859375
0 0.796875 0.16171875 0.40625 0.3234375
0 0.97265625 0.51875 0.0546875 0.4406250 0.4546875 0.465625 0.9078125 0.703125
0 0.7921875 0.171875 0.41484375 0.33984375
0 0.9484375 0.51640625 0.0984375 0.394531250 0.5 0.4734375 1 0.928125
0 0.25 0.85078125 0.5 0.296875
0 0.7734375 0.85390625 0.453125 0.29218750 0.515625 0.51015625 0.9625 0.84921875
0 0.24765625 0.859375 0.48515625 0.28046875
0 0.76328125 0.86171875 0.45859375 0.272656250 0.46484375 0.5 0.9296875 1
0 0.8421875 0.77578125 0.315625 0.4484375
0 0.84453125 0.2515625 0.3078125 0.5031250 0.534375 0.46328125 0.93125 0.8890625
0 0.315625 0.1625 0.63125 0.3250 0.5078125 0.471875 0.890625 0.75859375
0 0.271875 0.1765625 0.5421875 0.35234375
0 0.95546875 0.21875 0.084375 0.209375
0 0.95859375 0.39453125 0.08125 0.146093750 0.46171875 0.48515625 0.834375 0.96875
0 0.165625 0.72109375 0.33125 0.55625
0 0.18359375 0.01796875 0.2296875 0.0359375
0 0.37734375 0.015625 0.1609375 0.031250 0.48203125 0.54921875 0.9625 0.896875
0 0.20625 0.9265625 0.4125 0.146875
0 0.72109375 0.8421875 0.5578125 0.315625
0 0.95 0.4671875 0.1 0.2046875
0 0.96171875 0.63515625 0.075 0.1843750 0.48515625 0.509375 0.89296875 0.821875
0 0.21640625 0.89375 0.4234375 0.2125
0 0.725 0.81640625 0.5390625 0.36640625
0 0.93515625 0.43359375 0.12265625 0.1875
0 0.9453125 0.5875 0.09921875 0.169531250 0.4671875 0.52109375 0.934375 0.9578125
0 0.890625 0.80859375 0.215625 0.3828125
0 0.80390625 0.29296875 0.3921875 0.584375
0 0.3796875 0.0546875 0.2125 0.109375
0 0.55546875 0.04140625 0.19375 0.08281250 0.4734375 0.453125 0.4296875 0.478125
0 0.77578125 0.71484375 0.38125 0.4640625
0 0.753125 0.2515625 0.3734375 0.465625
0 0.49453125 0.134375 0.184375 0.159375
0 0.509375 0.0171875 0.1984375 0.034375
0 0.62265625 0.08046875 0.1578125 0.1593750 0.51640625 0.4671875 0.44375 0.3984375
0 0.2734375 0.74765625 0.4296875 0.353125
0 0.70234375 0.7265625 0.43046875 0.34609375
0 0.81171875 0.48671875 0.146875 0.16953125
0 0.95234375 0.50078125 0.0953125 0.18359375
0 0.8828125 0.60625 0.19140625 0.146093750 0.5296875 0.4578125 0.4625 0.415625
0 0.27734375 0.75 0.4484375 0.36875
0 0.72421875 0.72890625 0.45 0.3609375
0 0.83828125 0.478125 0.153125 0.178125
0 0.9671875 0.49375 0.065625 0.190625
0 0.90625 0.603125 0.1875 0.1531250 0.52265625 0.46875 0.909375 0.8218750 0.4859375 0.45546875 0.74375 0.8218750 0.5421875 0.48671875 0.81796875 0.738281250 0.45703125 0.38359375 0.903125 0.7671875
0 0.24375 0.8046875 0.4875 0.390625
0 0.784375 0.784375 0.43125 0.431250 0.4984375 0.43359375 0.996875 0.865625
0 0.2578125 0.84375 0.515625 0.3125
0 0.80390625 0.81953125 0.3921875 0.35781250 0.471875 0.37734375 0.87578125 0.75
0 0.25234375 0.8 0.49921875 0.4
0 0.78984375 0.78046875 0.41796875 0.43906250 0.5140625 0.51796875 0.85 0.928125
0 0.90078125 0.79921875 0.1984375 0.4
0 0.83515625 0.2796875 0.3296875 0.559375
0 0.43125 0.05078125 0.1875 0.1
0 0.60390625 0.03046875 0.16875 0.06093750 0.478125 0.4953125 0.884375 0.81015625
0 0.20234375 0.884375 0.39765625 0.23046875
0 0.715625 0.82265625 0.5546875 0.3546875
0 0.92890625 0.41640625 0.10703125 0.17890625
0 0.95703125 0.58125 0.0859375 0.16093750 0.46328125 0.48984375 0.9171875 0.840625
0 0.19140625 0.88671875 0.3828125 0.225
0 0.709375 0.82265625 0.575 0.3546875
0 0.93046875 0.4078125 0.1109375 0.1859375
0 0.95703125 0.57890625 0.084375 0.16718750 0.4890625 0.5171875 0.81875 0.965625
0 0.84453125 0.1984375 0.3109375 0.396875
0 0.821875 0.7890625 0.35625 0.4218750 0.465625 0.48359375 0.93125 0.9671875
0 0.11640625 0.77734375 0.2328125 0.4453125
0 0.1421875 0.1734375 0.284375 0.3468750 0.53046875 0.5265625 0.9375 0.7890625
0 0.20625 0.16640625 0.40703125 0.33203125
0 0.7921875 0.18828125 0.41484375 0.375781250 0.51875 0.478125 0.9484375 0.815625
0 0.18515625 0.14375 0.35859375 0.28515625
0 0.7890625 0.1875 0.42109375 0.363281250 0.521875 0.51875 0.815625 0.9484375
0 0.85625 0.18515625 0.284375 0.359375
0 0.8125 0.7890625 0.3625 0.4218750 0.51796875 0.475 0.9625 0.859375
0 0.1875 0.1359375 0.375 0.271875
0 0.8 0.1796875 0.4 0.3593750 0.47890625 0.48515625 0.95625 0.896875
0 0.20390625 0.853125 0.40703125 0.2921875
0 0.78125 0.9015625 0.4375 0.19531250 0.503125 0.4859375 0.940625 0.971875
0 0.13515625 0.19765625 0.2703125 0.3953125
0 0.084375 0.77890625 0.16875 0.4406250 0.5140625 0.478125 0.971875 0.95625
0 0.1421875 0.1671875 0.284375 0.334375
0 0.0875 0.75546875 0.175 0.48906250 0.49765625 0.46328125 0.99453125 0.775
0 0.16875 0.14296875 0.3359375 0.284375
0 0.76171875 0.14609375 0.4765625 0.275781250 0.54453125 0.5 0.9109375 1
0 0.878125 0.13515625 0.24375 0.2703125
0 0.8796875 0.7453125 0.240625 0.5093750 0.52578125 0.5 0.91875 1
0 0.86875 0.1703125 0.2625 0.340625
0 0.86953125 0.78125 0.259375 0.43750 0.48984375 0.48203125 0.9234375 0.9640625
0 0.0890625 0.23203125 0.178125 0.4640625
0 0.1375 0.7703125 0.275 0.4593750 0.5 0.46953125 0.940625 0.83125
0 0.26015625 0.875 0.5140625 0.25
0 0.79375 0.83125 0.4125 0.33750 0.49296875 0.46796875 0.92421875 0.81875
0 0.2578125 0.87109375 0.50625 0.2578125
0 0.7890625 0.82890625 0.41875 0.34218750 0.45703125 0.4953125 0.9140625 0.9875
0 0.64296875 0.096875 0.4078125 0.193750 0.49375 0.5234375 0.9421875 0.8828125
0 0.103125 0.340625 0.20546875 0.388281250 0.48046875 0.5328125 0.959375 0.934375
0 0.0296875 0.3734375 0.059375 0.46093750 0.32109375 0.4921875 0.465625 0.5078125
0 0.315625 0.90546875 0.484375 0.1890625
0 0.63046875 0.7390625 0.36875 0.5
0 0.34453125 0.09453125 0.3984375 0.1875
0 0.6375 0.228125 0.3875 0.456250 0.51171875 0.32265625 0.49921875 0.45703125
0 0.1 0.31796875 0.196875 0.47734375
0 0.26875 0.6265625 0.49140625 0.36328125
0 0.903125 0.34609375 0.184375 0.3921875
0 0.771875 0.63359375 0.44921875 0.381250 0.3046875 0.5203125 0.5 0.5453125
0 0.2984375 0.93125 0.521875 0.1375
0 0.63515625 0.75859375 0.3953125 0.4828125
0 0.3296875 0.096875 0.428125 0.19375
0 0.64375 0.240625 0.415625 0.48125