0 0.492969 0.347656 0.079687 0.082812
0 0.587500 0.356250 0.068750 0.071875
0 0.677344 0.381250 0.092188 0.093750
0 0.756250 0.410156 0.075000 0.076563
0 0.832031 0.457813 0.076563 0.081250
0 0.758594 0.485938 0.070312 0.075000
0 0.684375 0.489844 0.075000 0.070312
0 0.588281 0.428125 0.079687 0.071875
0 0.572656 0.496875 0.076563 0.071875
0 0.511719 0.445312 0.079687 0.078125
0 0.427344 0.461719 0.085938 0.095312
0 0.346875 0.399219 0.078125 0.085938
0 0.279687 0.415625 0.062500 0.071875
0 0.227344 0.497656 0.076563 0.079687
0 0.223438 0.581250 0.075000 0.078125
0 0.233594 0.654687 0.082812 0.075000
0 0.285938 0.712500 0.090625 0.078125
0 0.320312 0.638281 0.081250 0.085938
0 0.406250 0.675000 0.062500 0.065625
0 0.439063 0.779687 0.081250 0.084375
0 0.522656 0.753125 0.095312 0.096875
0 0.471875 0.685156 0.068750 0.070312
0 0.522656 0.630469 0.082812 0.079687
0 0.442969 0.579688 0.076563 0.075000
0 0.391406 0.528906 0.070312 0.070312
0 0.308594 0.547656 0.092188 0.085938
0 0.501563 0.525781 0.087500 0.085938
0 0.445312 0.579688 0.075000 0.071875
0 0.682031 0.490625 0.076563 0.071875
0 0.644531 0.551562 0.076563 0.075000
0 0.611719 0.623437 0.082812 0.075000
0 0.641406 0.697656 0.089063 0.085938
0 0.622656 0.782031 0.073438 0.070312
0 0.692969 0.755469 0.073438 0.076563
0 0.779687 0.769531 0.075000 0.085938
0 0.818750 0.689844 0.078125 0.092188
0 0.723437 0.689844 0.075000 0.073438
0 0.692969 0.614062 0.079687 0.081250
0 0.800000 0.543750 0.068750 0.068750
0 0.848437 0.596875 0.071875 0.087500
0 0.773438 0.614844 0.078125 0.079687
0 0.562500 0.565625 0.075000 0.075000
0 0.521875 0.630469 0.084375 0.079687
0 0.416406 0.364844 0.073438 0.073438
0 0.346875 0.477344 0.081250 0.076563
0 0.097656 0.386719 0.092188 0.095312
0 0.163281 0.475000 0.076563 0.075000
0 0.127344 0.542188 0.073438 0.062500
0 0.155469 0.617188 0.092188 0.096875
0 0.133594 0.703125 0.076563 0.068750
0 0.082031 0.757812 0.082812 0.071875
0 0.067187 0.635156 0.093750 0.082812
0 0.054688 0.454688 0.093750 0.090625
0 0.026562 0.728906 0.050000 0.073438
0 0.914844 0.772656 0.020313 0.020313
0 0.936719 0.740625 0.026562 0.025000
0 0.898438 0.727344 0.018750 0.020313
0 0.921094 0.713281 0.023438 0.020313
0 0.882031 0.708594 0.023438 0.023438
0 0.880469 0.678906 0.023438 0.020313
0 0.925781 0.674219 0.020313 0.017188
0 0.965625 0.682031 0.028125 0.026562
0 0.926562 0.606250 0.028125 0.025000
0 0.978906 0.645312 0.023438 0.025000
0 0.978125 0.735938 0.021875 0.018750
0 0.968750 0.606250 0.028125 0.031250
0 0.958594 0.571094 0.023438 0.023438
0 0.942969 0.547656 0.020313 0.020313
0 0.960156 0.530469 0.029687 0.026562
0 0.903125 0.525000 0.028125 0.028125
0 0.881250 0.557813 0.021875 0.025000
0 0.882031 0.496094 0.020313 0.020313
0 0.926562 0.448437 0.021875 0.021875
0 0.931250 0.475000 0.021875 0.021875
0 0.928125 0.499219 0.021875 0.023438
0 0.899219 0.484375 0.017188 0.018750
