0 0.400000 0.360156 0.078125 0.079687
0 0.474219 0.340625 0.070312 0.078125
0 0.547656 0.335938 0.076563 0.084375
0 0.614062 0.372656 0.075000 0.082812
0 0.547656 0.423438 0.089063 0.090625
0 0.463281 0.413281 0.070312 0.067187
0 0.675781 0.417969 0.073438 0.067187
0 0.744531 0.491406 0.070312 0.064062
0 0.754687 0.571094 0.081250 0.076563
0 0.733594 0.646875 0.079687 0.075000
0 0.683594 0.715625 0.085938 0.084375
0 0.599219 0.721875 0.079687 0.081250
0 0.618750 0.648438 0.065625 0.068750
0 0.681250 0.593750 0.071875 0.068750
0 0.672656 0.518750 0.082812 0.081250
0 0.558594 0.517969 0.070312 0.070312
0 0.547656 0.592969 0.082812 0.082812
0 0.512500 0.664062 0.062500 0.078125
0 0.456250 0.717969 0.065625 0.060937
0 0.535156 0.785156 0.076563 0.079687
0 0.400781 0.782813 0.085938 0.081250
0 0.471875 0.810156 0.065625 0.057813
0 0.318750 0.803906 0.065625 0.060937
0 0.470313 0.575000 0.078125 0.068750
0 0.478906 0.480469 0.070312 0.070312
0 0.418750 0.521875 0.068750 0.062500
0 0.331250 0.476562 0.075000 0.068750
0 0.323437 0.553906 0.071875 0.067187
0 0.356250 0.611719 0.075000 0.067187
0 0.374219 0.683594 0.073438 0.073438
0 0.334375 0.744531 0.059375 0.060937
0 0.264844 0.756250 0.082812 0.090625
0 0.221094 0.685156 0.082812 0.079687
0 0.302344 0.668750 0.070312 0.075000
0 0.258594 0.623437 0.067187 0.059375
0 0.314844 0.389844 0.070312 0.067187
0 0.270313 0.438281 0.062500 0.070312
0 0.219531 0.514844 0.079687 0.073438
0 0.210156 0.579688 0.076563 0.075000
0 0.075000 0.473438 0.034375 0.034375
0 0.081250 0.520312 0.034375 0.037500
0 0.104688 0.550781 0.031250 0.032813
0 0.119531 0.583594 0.035937 0.039062
0 0.111719 0.624219 0.039062 0.035937
0 0.114844 0.683594 0.035937 0.035937
0 0.107813 0.722656 0.043750 0.039062
0 0.092188 0.759375 0.034375 0.034375
0 0.071094 0.795312 0.039062 0.040625
0 0.039062 0.806250 0.034375 0.037500
0 0.050000 0.433594 0.037500 0.039062
0 0.049219 0.515625 0.029687 0.034375
0 0.066406 0.552344 0.039062 0.035937
0 0.082031 0.596875 0.042188 0.046875
0 0.042969 0.617188 0.039062 0.043750
0 0.051562 0.655469 0.031250 0.032813
0 0.089063 0.653125 0.034375 0.034375
0 0.072656 0.687500 0.039062 0.040625
0 0.062500 0.730469 0.043750 0.045312
0 0.939844 0.653125 0.048438 0.046875
0 0.943750 0.700000 0.053125 0.050000
0 0.940625 0.603906 0.053125 0.048438
0 0.957031 0.753906 0.032813 0.048438
