0 0.539062 0.184375 0.065625 0.068750
0 0.475000 0.174219 0.050000 0.048438
0 0.467187 0.227344 0.062500 0.057813
0 0.583594 0.239063 0.051562 0.053125
0 0.609375 0.199219 0.056250 0.057813
0 0.523438 0.250000 0.059375 0.065625
0 0.460938 0.282031 0.059375 0.054688
0 0.537500 0.313281 0.059375 0.064062
0 0.607812 0.288281 0.056250 0.057813
0 0.675000 0.305469 0.050000 0.054688
0 0.653906 0.246094 0.051562 0.070312
0 0.742969 0.284375 0.060937 0.068750
0 0.746875 0.346875 0.043750 0.046875
0 0.687500 0.359375 0.056250 0.056250
0 0.538281 0.383594 0.057813 0.057813
0 0.582031 0.345313 0.073438 0.075000
0 0.467969 0.344531 0.067187 0.064062
0 0.410938 0.321875 0.056250 0.059375
0 0.409375 0.182031 0.053125 0.057813
0 0.354687 0.218750 0.065625 0.071875
0 0.304688 0.250781 0.046875 0.048438
0 0.347656 0.291406 0.070312 0.070312
0 0.239844 0.321094 0.060937 0.070312
0 0.296094 0.328125 0.051562 0.056250
0 0.349219 0.357812 0.067187 0.062500
0 0.405469 0.385156 0.064062 0.064062
0 0.476562 0.405469 0.053125 0.051562
0 0.184375 0.364844 0.065625 0.064062
0 0.301563 0.397656 0.059375 0.064062
0 0.245312 0.389844 0.053125 0.054688
0 0.203906 0.436719 0.070312 0.070312
0 0.295312 0.455469 0.053125 0.051562
0 0.344531 0.465625 0.057813 0.053125
0 0.393750 0.503906 0.065625 0.057813
0 0.405469 0.445312 0.064062 0.059375
0 0.483594 0.473438 0.051562 0.053125
0 0.517188 0.432812 0.050000 0.046875
0 0.617188 0.426563 0.050000 0.053125
0 0.684375 0.417969 0.059375 0.064062
0 0.739062 0.394531 0.053125 0.051562
0 0.778906 0.430469 0.051562 0.051562
0 0.866406 0.371875 0.048438 0.050000
0 0.798438 0.307031 0.068750 0.070312
0 0.895312 0.412500 0.050000 0.050000
0 0.843750 0.446094 0.050000 0.051562
0 0.750000 0.475781 0.050000 0.048438
0 0.900000 0.468750 0.050000 0.053125
0 0.893750 0.529687 0.065625 0.062500
0 0.734375 0.525781 0.053125 0.051562
0 0.656250 0.478125 0.056250 0.053125
0 0.590625 0.490625 0.053125 0.053125
0 0.529687 0.499219 0.053125 0.051562
0 0.557813 0.546875 0.053125 0.050000
0 0.605469 0.556250 0.051562 0.053125
0 0.485156 0.535156 0.064062 0.064062
0 0.425000 0.563281 0.062500 0.057813
0 0.348438 0.560937 0.065625 0.059375
0 0.269531 0.511719 0.067187 0.064062
0 0.143750 0.415625 0.053125 0.050000
0 0.139844 0.481250 0.076563 0.065625
0 0.207031 0.502344 0.060937 0.054688
0 0.153125 0.543750 0.078125 0.062500
0 0.213281 0.557031 0.054688 0.051562
0 0.260937 0.587500 0.068750 0.059375
0 0.199219 0.615625 0.060937 0.056250
0 0.141406 0.613281 0.057813 0.054688
0 0.164062 0.659375 0.059375 0.053125
0 0.259375 0.653125 0.043750 0.040625
0 0.339844 0.630469 0.054688 0.042188
0 0.215625 0.659375 0.046875 0.040625
0 0.272656 0.697656 0.070312 0.057813
0 0.389844 0.632031 0.048438 0.048438
0 0.192969 0.712500 0.060937 0.056250
0 0.228125 0.753125 0.059375 0.053125
0 0.431250 0.772656 0.053125 0.048438
0 0.367969 0.759375 0.054688 0.053125
0 0.383594 0.710938 0.048438 0.046875
0 0.348438 0.666406 0.062500 0.054688
0 0.278125 0.782031 0.062500 0.057813
0 0.560937 0.775781 0.071875 0.064062
0 0.457813 0.707812 0.065625 0.056250
0 0.520312 0.696875 0.062500 0.056250
0 0.333594 0.798438 0.051562 0.043750
0 0.385156 0.820312 0.057813 0.050000
0 0.481250 0.654687 0.062500 0.059375
0 0.546875 0.650781 0.053125 0.048438
0 0.598437 0.610938 0.056250 0.050000
0 0.678906 0.645312 0.064062 0.056250
0 0.625000 0.710938 0.053125 0.053125
0 0.666406 0.592969 0.060937 0.067187
0 0.722656 0.567969 0.045312 0.042188
0 0.733594 0.691406 0.051562 0.048438
0 0.702344 0.741406 0.060937 0.060937
0 0.738281 0.792969 0.060937 0.057813
0 0.626563 0.817187 0.056250 0.053125
0 0.514844 0.810156 0.057813 0.048438
0 0.784375 0.674219 0.046875 0.045312
0 0.789844 0.772656 0.045312 0.045312
0 0.836719 0.747656 0.057813 0.054688
0 0.874219 0.703906 0.042188 0.042188
0 0.829688 0.697656 0.053125 0.051562
0 0.882031 0.648438 0.070312 0.059375
0 0.778906 0.603125 0.054688 0.053125
0 0.817187 0.571094 0.050000 0.048438
0 0.870313 0.584375 0.059375 0.053125
0 0.778125 0.543750 0.053125 0.050000
0 0.789062 0.375781 0.050000 0.057813
0 0.450781 0.802344 0.067187 0.057813
0 0.686719 0.136719 0.085938 0.073438
0 0.806250 0.139063 0.068750 0.068750
0 0.802344 0.210156 0.076563 0.070312
0 0.872656 0.182031 0.057813 0.064062
0 0.907031 0.275000 0.057813 0.056250
0 0.876563 0.117188 0.059375 0.068750
0 0.768750 0.067969 0.059375 0.057813
0 0.851562 0.052344 0.059375 0.060937
0 0.582031 0.048438 0.070312 0.071875
0 0.628125 0.103906 0.056250 0.051562
0 0.918750 0.072656 0.056250 0.060937
0 0.932813 0.131250 0.053125 0.056250
0 0.923438 0.203906 0.053125 0.054688
0 0.853125 0.239063 0.053125 0.050000
0 0.735156 0.186719 0.048438 0.054688
0 0.934375 0.562500 0.050000 0.040625
0 0.814844 0.622656 0.060937 0.057813
0 0.520312 0.580469 0.059375 0.054688
0 0.441406 0.610938 0.054688 0.050000
0 0.404687 0.262500 0.062500 0.071875
