0 0.364063 0.234375 0.056250 0.062500
0 0.428906 0.238281 0.057813 0.060937
0 0.483594 0.232813 0.054688 0.053125
0 0.536719 0.248438 0.051562 0.053125
0 0.514844 0.292187 0.048438 0.053125
0 0.459375 0.280469 0.043750 0.048438
0 0.408594 0.285156 0.045312 0.048438
0 0.580469 0.268750 0.051562 0.046875
0 0.558594 0.311719 0.045312 0.045312
0 0.513281 0.353906 0.064062 0.064062
0 0.571094 0.361719 0.045312 0.045312
0 0.600781 0.318750 0.039062 0.043750
0 0.651563 0.312500 0.050000 0.053125
0 0.666406 0.381250 0.045312 0.043750
0 0.619531 0.373437 0.048438 0.050000
0 0.582031 0.405469 0.054688 0.048438
0 0.525000 0.413281 0.053125 0.054688
0 0.438281 0.333594 0.060937 0.060937
0 0.463281 0.404687 0.045312 0.050000
0 0.476562 0.462500 0.056250 0.053125
0 0.542188 0.473438 0.053125 0.056250
0 0.606250 0.486719 0.065625 0.064062
0 0.425781 0.426563 0.051562 0.053125
0 0.403906 0.379688 0.048438 0.050000
0 0.374219 0.416406 0.051562 0.054688
0 0.335156 0.378125 0.060937 0.056250
0 0.323437 0.446875 0.050000 0.050000
0 0.298438 0.503906 0.046875 0.051562
0 0.387500 0.463281 0.050000 0.048438
0 0.381250 0.513281 0.046875 0.045312
0 0.432031 0.494531 0.054688 0.051562
0 0.496094 0.532031 0.054688 0.057813
0 0.425781 0.547656 0.051562 0.051562
0 0.308594 0.256250 0.042188 0.046875
0 0.331250 0.311719 0.053125 0.057813
0 0.278125 0.295312 0.056250 0.056250
0 0.285938 0.355469 0.046875 0.045312
0 0.232031 0.371094 0.048438 0.045312
0 0.208594 0.317969 0.048438 0.045312
0 0.186719 0.356250 0.048438 0.053125
0 0.137500 0.410938 0.046875 0.050000
0 0.202344 0.409375 0.054688 0.059375
0 0.272656 0.442188 0.048438 0.046875
0 0.196094 0.460938 0.048438 0.046875
0 0.140625 0.468750 0.065625 0.065625
0 0.107813 0.524219 0.046875 0.045312
0 0.168750 0.538281 0.043750 0.045312
0 0.209375 0.552344 0.059375 0.057813
0 0.169531 0.582812 0.042188 0.037500
0 0.131250 0.578125 0.043750 0.050000
0 0.163281 0.623437 0.048438 0.050000
0 0.200781 0.610938 0.054688 0.056250
0 0.264062 0.571094 0.050000 0.045312
0 0.315625 0.550781 0.046875 0.045312
0 0.310156 0.597656 0.048438 0.045312
0 0.369531 0.575000 0.051562 0.050000
0 0.272656 0.642188 0.048438 0.056250
0 0.188281 0.667969 0.045312 0.048438
0 0.242188 0.684375 0.056250 0.053125
0 0.324219 0.657031 0.051562 0.051562
0 0.314063 0.700000 0.050000 0.053125
0 0.364844 0.680469 0.045312 0.042188
0 0.359375 0.722656 0.050000 0.048438
0 0.405469 0.715625 0.045312 0.046875
0 0.364844 0.623437 0.048438 0.056250
0 0.429688 0.599219 0.059375 0.051562
0 0.428125 0.654687 0.056250 0.056250
0 0.453125 0.729688 0.059375 0.059375
0 0.501563 0.679688 0.056250 0.053125
0 0.484375 0.625000 0.050000 0.050000
0 0.478906 0.576562 0.045312 0.046875
0 0.496094 0.532813 0.054688 0.056250
0 0.532813 0.577344 0.062500 0.054688
0 0.537500 0.625781 0.046875 0.045312
0 0.589063 0.595313 0.053125 0.053125
0 0.564844 0.675000 0.051562 0.050000
0 0.569531 0.726562 0.045312 0.043750
0 0.515625 0.724219 0.046875 0.048438
0 0.613281 0.705469 0.051562 0.051562
0 0.612500 0.657031 0.043750 0.045312
0 0.692969 0.643750 0.045312 0.046875
0 0.653906 0.667188 0.048438 0.043750
0 0.660937 0.603906 0.050000 0.051562
0 0.717969 0.597656 0.057813 0.057813
0 0.749219 0.550000 0.054688 0.053125
0 0.693750 0.542969 0.053125 0.051562
0 0.632031 0.560156 0.054688 0.051562
0 0.588281 0.535937 0.042188 0.046875
0 0.653125 0.472656 0.043750 0.042188
0 0.702344 0.482812 0.045312 0.043750
0 0.680469 0.432812 0.051562 0.050000
0 0.632031 0.415625 0.045312 0.043750
0 0.720313 0.394531 0.046875 0.045312
0 0.737500 0.445312 0.053125 0.050000
0 0.712500 0.348438 0.046875 0.043750
0 0.947656 0.647656 0.048438 0.045312
0 0.942187 0.610156 0.037500 0.032813
0 0.948438 0.537500 0.037500 0.037500
0 0.937500 0.574219 0.034375 0.029687
0 0.961719 0.486719 0.039062 0.042188
0 0.959375 0.688281 0.040625 0.035937
0 0.980469 0.718750 0.039062 0.040625
