0 0.470313 0.125781 0.078125 0.085938
0 0.549219 0.110937 0.073438 0.078125
0 0.635938 0.129688 0.084375 0.087500
0 0.614062 0.215625 0.093750 0.093750
0 0.528906 0.185156 0.082812 0.082812
0 0.456250 0.203125 0.062500 0.065625
0 0.539062 0.267188 0.075000 0.075000
0 0.703906 0.253125 0.070312 0.065625
0 0.692969 0.322656 0.073438 0.073438
0 0.605469 0.305469 0.076563 0.079687
0 0.546875 0.367969 0.062500 0.064062
0 0.468750 0.307031 0.078125 0.076563
0 0.480469 0.383594 0.070312 0.070312
0 0.422656 0.353906 0.060937 0.064062
0 0.403906 0.281250 0.064062 0.062500
0 0.408594 0.166406 0.057813 0.064062
0 0.359375 0.221875 0.081250 0.078125
0 0.294531 0.261719 0.064062 0.064062
0 0.352344 0.332813 0.079687 0.081250
0 0.272656 0.327344 0.079687 0.076563
0 0.249219 0.405469 0.064062 0.064062
0 0.371875 0.408594 0.078125 0.079687
0 0.401562 0.494531 0.081250 0.085938
0 0.317188 0.462500 0.084375 0.078125
0 0.248438 0.497656 0.075000 0.073438
0 0.263281 0.563281 0.057813 0.054688
0 0.325000 0.528125 0.062500 0.056250
0 0.339844 0.597656 0.057813 0.057813
0 0.289062 0.619531 0.065625 0.067187
0 0.336719 0.683594 0.073438 0.073438
0 0.397656 0.713281 0.057813 0.057813
0 0.447656 0.674219 0.064062 0.067187
0 0.391406 0.649219 0.064062 0.067187
0 0.406250 0.589844 0.065625 0.067187
0 0.472656 0.602344 0.067187 0.064062
0 0.500000 0.509375 0.075000 0.075000
0 0.592187 0.469531 0.084375 0.082812
0 0.587500 0.546094 0.090625 0.089063
0 0.557031 0.618750 0.064062 0.062500
0 0.524219 0.679688 0.064062 0.068750
0 0.508594 0.743750 0.060937 0.059375
0 0.567969 0.726562 0.057813 0.056250
0 0.635938 0.681250 0.078125 0.075000
0 0.628125 0.749219 0.068750 0.067187
0 0.629687 0.613281 0.071875 0.064062
0 0.651563 0.399219 0.084375 0.089063
0 0.679688 0.488281 0.062500 0.064062
0 0.723437 0.184375 0.071875 0.071875
0 0.784375 0.224219 0.087500 0.085938
0 0.847656 0.287500 0.076563 0.078125
0 0.777344 0.330469 0.082812 0.082812
0 0.868750 0.362500 0.081250 0.075000
0 0.903125 0.440625 0.068750 0.062500
0 0.800781 0.403906 0.070312 0.070312
0 0.729688 0.420312 0.075000 0.071875
0 0.753906 0.499219 0.085938 0.079687
0 0.828906 0.481250 0.067187 0.065625
0 0.878906 0.534375 0.079687 0.065625
0 0.806250 0.557813 0.071875 0.071875
0 0.866406 0.605469 0.070312 0.073438
0 0.799219 0.633594 0.073438 0.076563
0 0.719531 0.562500 0.073438 0.071875
0 0.721094 0.637500 0.070312 0.071875
0 0.796875 0.713281 0.078125 0.073438
0 0.716406 0.717187 0.070312 0.071875
0 0.955469 0.426563 0.067187 0.068750
0 0.962500 0.498437 0.062500 0.065625
0 0.973437 0.363281 0.053125 0.067187
