0 0.449365 0.329713 0.039104 0.037767
0 0.481451 0.315174 0.030414 0.032086
0 0.515709 0.327039 0.038770 0.040441
0 0.555648 0.324532 0.040441 0.040775
0 0.564004 0.361798 0.031751 0.029078
0 0.594753 0.331885 0.038436 0.037433
0 0.485294 0.360461 0.042112 0.043115
0 0.450702 0.374164 0.031083 0.033757
0 0.412600 0.358790 0.041110 0.041110
0 0.420287 0.320521 0.030414 0.029412
0 0.389037 0.332219 0.032754 0.033422
0 0.329044 0.345254 0.031083 0.032086
0 0.322861 0.379679 0.034091 0.036765
0 0.403910 0.392380 0.031751 0.030080
0 0.436664 0.404579 0.038436 0.037099
0 0.489138 0.403075 0.041110 0.042781
0 0.533422 0.392213 0.031417 0.032420
0 0.528910 0.362968 0.030414 0.028743
0 0.383021 0.433991 0.027406 0.029746
0 0.358122 0.447360 0.029078 0.029746
0 0.322694 0.429980 0.044452 0.043115
0 0.561664 0.441511 0.034425 0.038102
0 0.604612 0.366979 0.030080 0.029412
0 0.577540 0.395221 0.040775 0.040441
0 0.416444 0.438168 0.039439 0.040107
0 0.639037 0.354779 0.038770 0.041110
0 0.625836 0.394552 0.045120 0.043115
0 0.674131 0.387032 0.038102 0.035428
0 0.710729 0.427139 0.038436 0.038102
0 0.677807 0.416945 0.028075 0.027072
0 0.622660 0.455214 0.029412 0.030080
0 0.596591 0.472426 0.031417 0.031083
0 0.563670 0.475434 0.034425 0.031083
0 0.521390 0.451872 0.041444 0.040775
0 0.676805 0.476270 0.032754 0.032754
0 0.712901 0.478275 0.040107 0.040107
0 0.740976 0.449365 0.036096 0.036430
0 0.754178 0.487132 0.043783 0.039104
0 0.727273 0.515374 0.030080 0.026738
0 0.694686 0.538770 0.035094 0.032086
0 0.687500 0.506016 0.032086 0.034091
0 0.656417 0.538937 0.042112 0.038436
0 0.611297 0.520555 0.037433 0.037099
0 0.561330 0.509525 0.039104 0.037099
0 0.494652 0.508523 0.028075 0.028409
0 0.464906 0.464906 0.032086 0.029412
0 0.432988 0.467246 0.032420 0.028075
0 0.428643 0.508690 0.033088 0.031417
0 0.460227 0.526738 0.034759 0.032086
0 0.489472 0.540441 0.027741 0.030080
0 0.426805 0.543449 0.032754 0.031417
0 0.533255 0.536932 0.027072 0.026404
0 0.543951 0.567680 0.027741 0.025735
0 0.584893 0.545789 0.032086 0.030080
0 0.595254 0.572527 0.028743 0.028075
0 0.622159 0.551805 0.033088 0.032754
0 0.696858 0.566176 0.030749 0.026738
0 0.746825 0.551303 0.045120 0.039104
0 0.766878 0.521390 0.031083 0.029412
0 0.777741 0.584392 0.035428 0.031083
0 0.387533 0.514706 0.032420 0.030080
0 0.382854 0.548128 0.038436 0.033422
0 0.358456 0.523730 0.031751 0.032754
0 0.656584 0.576203 0.031083 0.028743
0 0.683656 0.591745 0.029078 0.029746
0 0.709392 0.613469 0.035762 0.040441
0 0.740307 0.603443 0.030080 0.027741
0 0.768382 0.618984 0.040107 0.028743
0 0.771725 0.653409 0.032754 0.028743
0 0.742146 0.643382 0.035094 0.030749
0 0.706217 0.651070 0.037433 0.035428
0 0.651404 0.613135 0.040107 0.043783
0 0.625501 0.582553 0.032420 0.030749
0 0.613135 0.610628 0.037099 0.033422
0 0.627005 0.649231 0.033422 0.042447
0 0.571691 0.603610 0.030414 0.030749
0 0.759191 0.688670 0.035094 0.035762
0 0.717747 0.683991 0.037767 0.035094
0 0.706384 0.650401 0.037099 0.035428
0 0.675635 0.674799 0.038436 0.039439
0 0.635361 0.699866 0.037433 0.033422
0 0.689505 0.713904 0.036765 0.035428
0 0.732453 0.720254 0.042447 0.038770
0 0.717246 0.754345 0.039439 0.041444
0 0.677640 0.758189 0.029746 0.025735
0 0.655080 0.732620 0.032086 0.031417
0 0.619318 0.730114 0.036765 0.037099
0 0.588235 0.716912 0.028743 0.027406
0 0.579378 0.680481 0.028409 0.030749
0 0.589071 0.645555 0.037099 0.038436
0 0.538937 0.624164 0.041778 0.035762
0 0.541277 0.679646 0.029078 0.031083
0 0.552139 0.727774 0.027406 0.029078
0 0.566678 0.754679 0.029746 0.028743
0 0.582219 0.790107 0.030749 0.028743
0 0.612968 0.766210 0.037433 0.037099
0 0.644886 0.802306 0.029078 0.027072
0 0.672460 0.788770 0.032086 0.028075
0 0.556484 0.828543 0.031417 0.032754
0 0.532420 0.710729 0.028743 0.027741
0 0.527908 0.759024 0.039104 0.038102
0 0.497493 0.734793 0.037099 0.032420
0 0.495822 0.781918 0.027072 0.031083
0 0.533590 0.790441 0.035762 0.032754
0 0.464572 0.751337 0.038102 0.037433
0 0.449532 0.794118 0.037433 0.038102
0 0.486965 0.809158 0.029412 0.026738
0 0.462734 0.832386 0.035762 0.035762
0 0.427306 0.833055 0.038436 0.034425
0 0.393048 0.825033 0.031417 0.031751
0 0.418115 0.703209 0.026070 0.024064
0 0.451872 0.684325 0.034759 0.036430
0 0.389037 0.717747 0.028743 0.031083
0 0.386029 0.786263 0.038770 0.033088
0 0.423295 0.771390 0.033757 0.029412
0 0.438837 0.724265 0.032754 0.032754
0 0.440508 0.648229 0.038102 0.038436
0 0.480949 0.656083 0.042781 0.039439
0 0.457888 0.614138 0.030080 0.031751
0 0.425969 0.616644 0.032420 0.030080
0 0.372660 0.669953 0.028743 0.029078
0 0.532420 0.593750 0.028743 0.027072
0 0.475267 0.567513 0.026738 0.028075
0 0.441344 0.572193 0.031083 0.028743
0 0.409759 0.580214 0.030080 0.032086
0 0.404579 0.639037 0.033088 0.028743
0 0.371156 0.622995 0.034425 0.028743
0 0.466410 0.494485 0.029078 0.027741
0 0.339572 0.490307 0.029412 0.030749
0 0.315842 0.471758 0.032086 0.031083
0 0.285762 0.440675 0.026738 0.029746
0 0.287934 0.397059 0.040441 0.038102
0 0.285929 0.363803 0.028409 0.029078
0 0.252507 0.378844 0.032420 0.031083
0 0.240140 0.412767 0.037099 0.038102
0 0.241644 0.445856 0.030749 0.028075
0 0.262868 0.479278 0.027741 0.026738
0 0.297961 0.497159 0.027072 0.029746
0 0.312667 0.528075 0.034425 0.034091
0 0.344251 0.557988 0.037433 0.032420
0 0.296959 0.558322 0.031751 0.032420
0 0.261029 0.567680 0.030080 0.025735
0 0.238135 0.552306 0.028409 0.027072
0 0.213570 0.435996 0.029412 0.030414
0 0.198529 0.464906 0.037433 0.035428
0 0.227774 0.478610 0.041778 0.036096
0 0.188670 0.500000 0.033088 0.032086
0 0.216410 0.516711 0.031751 0.037433
0 0.202540 0.552975 0.044118 0.037099
0 0.173463 0.527072 0.032086 0.030749
0 0.395555 0.467079 0.031751 0.030414
0 0.160762 0.557821 0.039439 0.036765
0 0.168282 0.605281 0.031751 0.032086
0 0.214405 0.585896 0.039773 0.036096
0 0.252507 0.591745 0.032420 0.033088
0 0.317680 0.581551 0.030414 0.028075
0 0.331551 0.611464 0.038770 0.039104
0 0.353610 0.585896 0.032086 0.030080
0 0.289104 0.635027 0.040775 0.040107
0 0.286263 0.594753 0.039104 0.035762
0 0.248663 0.633523 0.038102 0.036430
0 0.205381 0.625501 0.035094 0.030414
0 0.162934 0.641711 0.036430 0.032086
0 0.132520 0.639372 0.025735 0.028743
0 0.145722 0.664271 0.031417 0.033088
0 0.214071 0.663269 0.041778 0.037099
0 0.242146 0.695689 0.041778 0.047794
0 0.338737 0.679813 0.029746 0.026738
0 0.186832 0.697527 0.028743 0.029412
0 0.151571 0.709225 0.034425 0.035428
0 0.302139 0.685495 0.030749 0.028075
0 0.338068 0.716578 0.037767 0.037433
0 0.283088 0.733289 0.043449 0.037433
0 0.243483 0.767213 0.045789 0.047126
0 0.179646 0.735628 0.033757 0.036096
0 0.155582 0.748663 0.029746 0.028075
0 0.214739 0.718249 0.025735 0.028075
0 0.177473 0.786765 0.034759 0.037433
0 0.218750 0.792279 0.037099 0.035094
0 0.262701 0.813837 0.040107 0.036765
0 0.288937 0.769719 0.036430 0.031417
0 0.306985 0.797460 0.036430 0.032754
0 0.325201 0.833723 0.029412 0.027072
0 0.354111 0.758189 0.034425 0.032420
0 0.327373 0.651571 0.036430 0.036430
0 0.805983 0.608623 0.024398 0.024064
0 0.807320 0.637701 0.038436 0.030749
0 0.837066 0.600936 0.034425 0.032086
0 0.798964 0.535929 0.023061 0.025067
0 0.821691 0.512032 0.026404 0.027406
0 0.841076 0.491644 0.032420 0.028743
0 0.853777 0.453543 0.023730 0.023396
0 0.866143 0.409592 0.030414 0.027741
0 0.882854 0.432821 0.025735 0.027406
0 0.897894 0.384693 0.030414 0.032754
0 0.913937 0.418449 0.039773 0.038102
0 0.933155 0.454378 0.031417 0.027072
0 0.904078 0.461564 0.034759 0.032086
0 0.894719 0.493817 0.030749 0.027741
0 0.867647 0.513536 0.034759 0.033088
0 0.868984 0.548463 0.026070 0.025401
0 0.839238 0.542948 0.036096 0.033088
0 0.852106 0.567346 0.026404 0.026404
0 0.865976 0.593750 0.030749 0.027741
0 0.859960 0.621992 0.030080 0.028075
0 0.843082 0.657754 0.035094 0.034091
0 0.837066 0.687667 0.030414 0.030414
0 0.834893 0.724432 0.029412 0.026404
0 0.888703 0.736798 0.038770 0.031751
0 0.876170 0.763870 0.030414 0.025735
0 0.890876 0.791945 0.028409 0.025067
0 0.926136 0.724098 0.036096 0.031083
0 0.893717 0.664439 0.039439 0.034091
0 0.912266 0.623162 0.037099 0.035094
0 0.899733 0.574699 0.038770 0.036430
0 0.945856 0.542948 0.031417 0.025067
0 0.920622 0.523730 0.036430 0.034759
0 0.972426 0.482955 0.037099 0.034091
0 0.939672 0.491477 0.035762 0.033088
0 0.869151 0.479612 0.025735 0.027406
0 0.953209 0.569352 0.029412 0.027072
0 0.982787 0.556818 0.034425 0.032086
0 0.944853 0.610127 0.026738 0.024398
0 0.978777 0.607453 0.029746 0.027072
0 0.965408 0.635695 0.039104 0.034759
0 0.969251 0.670120 0.038770 0.035428
0 0.974098 0.708556 0.029746 0.024733
0 0.977941 0.736464 0.038102 0.033757
0 0.954378 0.777741 0.028409 0.026738
0 0.924799 0.785094 0.028075 0.024733
0 0.944686 0.803810 0.027072 0.026738
0 0.969084 0.837901 0.031083 0.025401
0 0.985795 0.770722 0.028409 0.029412
0 0.936999 0.680481 0.022393 0.020053
0 0.977273 0.410595 0.026070 0.029078
0 0.967246 0.435996 0.030749 0.025735
0 0.948529 0.401571 0.024733 0.027072
0 0.969753 0.357955 0.030414 0.026070
0 0.492969 0.347656 0.079687 0.082812
0 0.587500 0.356250 0.068750 0.071875
0 0.677344 0.381250 0.092188 0.093750
0 0.756250 0.410156 0.075000 0.076563
0 0.832031 0.457813 0.076563 0.081250
0 0.758594 0.485938 0.070312 0.075000
0 0.684375 0.489844 0.075000 0.070312
0 0.588281 0.428125 0.079687 0.071875
0 0.572656 0.496875 0.076563 0.071875
0 0.511719 0.445312 0.079687 0.078125
0 0.427344 0.461719 0.085938 0.095312
0 0.346875 0.399219 0.078125 0.085938
0 0.279687 0.415625 0.062500 0.071875
0 0.227344 0.497656 0.076563 0.079687
0 0.223438 0.581250 0.075000 0.078125
0 0.233594 0.654687 0.082812 0.075000
0 0.285938 0.712500 0.090625 0.078125
0 0.320312 0.638281 0.081250 0.085938
0 0.406250 0.675000 0.062500 0.065625
0 0.439063 0.779687 0.081250 0.084375
0 0.522656 0.753125 0.095312 0.096875
0 0.471875 0.685156 0.068750 0.070312
0 0.522656 0.630469 0.082812 0.079687
0 0.442969 0.579688 0.076563 0.075000
0 0.391406 0.528906 0.070312 0.070312
0 0.308594 0.547656 0.092188 0.085938
0 0.501563 0.525781 0.087500 0.085938
0 0.445312 0.579688 0.075000 0.071875
0 0.682031 0.490625 0.076563 0.071875
0 0.644531 0.551562 0.076563 0.075000
0 0.611719 0.623437 0.082812 0.075000
0 0.641406 0.697656 0.089063 0.085938
0 0.622656 0.782031 0.073438 0.070312
0 0.692969 0.755469 0.073438 0.076563
0 0.779687 0.769531 0.075000 0.085938
0 0.818750 0.689844 0.078125 0.092188
0 0.723437 0.689844 0.075000 0.073438
0 0.692969 0.614062 0.079687 0.081250
0 0.800000 0.543750 0.068750 0.068750
0 0.848437 0.596875 0.071875 0.087500
0 0.773438 0.614844 0.078125 0.079687
0 0.562500 0.565625 0.075000 0.075000
0 0.521875 0.630469 0.084375 0.079687
0 0.416406 0.364844 0.073438 0.073438
0 0.346875 0.477344 0.081250 0.076563
0 0.097656 0.386719 0.092188 0.095312
0 0.163281 0.475000 0.076563 0.075000
0 0.127344 0.542188 0.073438 0.062500
0 0.155469 0.617188 0.092188 0.096875
0 0.133594 0.703125 0.076563 0.068750
0 0.082031 0.757812 0.082812 0.071875
0 0.067187 0.635156 0.093750 0.082812
0 0.054688 0.454688 0.093750 0.090625
0 0.026562 0.728906 0.050000 0.073438
0 0.914844 0.772656 0.020313 0.020313
0 0.936719 0.740625 0.026562 0.025000
0 0.898438 0.727344 0.018750 0.020313
0 0.921094 0.713281 0.023438 0.020313
0 0.882031 0.708594 0.023438 0.023438
0 0.880469 0.678906 0.023438 0.020313
0 0.925781 0.674219 0.020313 0.017188
0 0.965625 0.682031 0.028125 0.026562
0 0.926562 0.606250 0.028125 0.025000
0 0.978906 0.645312 0.023438 0.025000
0 0.978125 0.735938 0.021875 0.018750
0 0.968750 0.606250 0.028125 0.031250
0 0.958594 0.571094 0.023438 0.023438
0 0.942969 0.547656 0.020313 0.020313
0 0.960156 0.530469 0.029687 0.026562
0 0.903125 0.525000 0.028125 0.028125
0 0.881250 0.557813 0.021875 0.025000
0 0.882031 0.496094 0.020313 0.020313
0 0.926562 0.448437 0.021875 0.021875
0 0.931250 0.475000 0.021875 0.021875
0 0.928125 0.499219 0.021875 0.023438
0 0.899219 0.484375 0.017188 0.018750
0 0.518750 0.298438 0.043750 0.040625
0 0.578906 0.313281 0.051562 0.048438
0 0.630469 0.317969 0.042188 0.039062
0 0.673438 0.346875 0.046875 0.046875
0 0.711719 0.343750 0.032813 0.034375
0 0.710156 0.384375 0.045312 0.043750
0 0.666406 0.395313 0.048438 0.050000
0 0.622656 0.402344 0.045312 0.045312
0 0.582812 0.363281 0.043750 0.042188
0 0.625000 0.357812 0.034375 0.034375
0 0.542188 0.342969 0.043750 0.042188
0 0.474219 0.314063 0.045312 0.043750
0 0.496875 0.347656 0.037500 0.042188
0 0.526563 0.381250 0.037500 0.037500
0 0.545312 0.428906 0.043750 0.048438
0 0.594531 0.457031 0.051562 0.051562
0 0.643750 0.439844 0.046875 0.045312
0 0.507031 0.417969 0.035937 0.039062
0 0.494531 0.387500 0.035937 0.031250
0 0.468750 0.419531 0.037500 0.039062
0 0.435156 0.447656 0.042188 0.045312
0 0.428125 0.330469 0.046875 0.045312
0 0.389062 0.335156 0.037500 0.039062
0 0.415625 0.402344 0.046875 0.048438
0 0.365625 0.412500 0.040625 0.037500
0 0.366406 0.447656 0.039062 0.039062
0 0.402344 0.467969 0.035937 0.039062
0 0.429688 0.490625 0.040625 0.043750
0 0.503906 0.462500 0.045312 0.046875
0 0.557813 0.472656 0.031250 0.032813
0 0.544531 0.509375 0.045312 0.046875
0 0.585156 0.500781 0.045312 0.045312
0 0.648438 0.502344 0.046875 0.045312
0 0.676562 0.470313 0.034375 0.040625
0 0.685156 0.431250 0.039062 0.034375
0 0.710156 0.383594 0.045312 0.045312
0 0.747656 0.422656 0.051562 0.048438
0 0.744531 0.360938 0.035937 0.037500
0 0.771094 0.389844 0.032813 0.035937
0 0.495312 0.525000 0.046875 0.050000
0 0.457031 0.546094 0.039062 0.039062
0 0.410938 0.552344 0.053125 0.054688
0 0.360938 0.535156 0.037500 0.042188
0 0.360938 0.575000 0.040625 0.040625
0 0.413281 0.605469 0.054688 0.051562
0 0.468750 0.619531 0.043750 0.048438
0 0.496094 0.571094 0.045312 0.045312
0 0.535937 0.548438 0.050000 0.040625
0 0.552344 0.589063 0.042188 0.043750
0 0.514844 0.610156 0.042188 0.039062
0 0.434375 0.653906 0.053125 0.051562
0 0.487500 0.675000 0.046875 0.050000
0 0.525781 0.649219 0.042188 0.042188
0 0.566406 0.638281 0.045312 0.051562
0 0.532031 0.693750 0.048438 0.050000
0 0.603906 0.667969 0.039062 0.042188
0 0.604688 0.627344 0.043750 0.035937
0 0.621094 0.589844 0.045312 0.048438
0 0.582812 0.545312 0.046875 0.043750
0 0.620313 0.549219 0.031250 0.035937
0 0.658594 0.562500 0.048438 0.056250
0 0.700781 0.589844 0.048438 0.048438
0 0.714063 0.638281 0.040625 0.042188
0 0.691406 0.675781 0.048438 0.051562
0 0.653125 0.703125 0.037500 0.037500
0 0.614062 0.723437 0.050000 0.043750
0 0.602344 0.763281 0.045312 0.045312
0 0.653125 0.751563 0.050000 0.046875
0 0.698438 0.771094 0.043750 0.048438
0 0.731250 0.738281 0.043750 0.042188
0 0.656250 0.820312 0.050000 0.043750
0 0.701562 0.814844 0.040625 0.039062
0 0.588281 0.799219 0.039062 0.039062
0 0.560156 0.830469 0.048438 0.048438
0 0.538281 0.769531 0.039062 0.042188
0 0.507031 0.737500 0.035937 0.040625
0 0.489844 0.781250 0.048438 0.053125
0 0.446875 0.809375 0.043750 0.046875
0 0.491406 0.825000 0.042188 0.040625
0 0.426563 0.768750 0.046875 0.050000
0 0.451562 0.736719 0.037500 0.039062
0 0.393750 0.735938 0.050000 0.056250
0 0.353125 0.707031 0.053125 0.054688
0 0.385156 0.671875 0.039062 0.034375
0 0.375000 0.635938 0.043750 0.040625
0 0.333594 0.614844 0.045312 0.048438
0 0.311719 0.581250 0.042188 0.040625
0 0.331250 0.661719 0.040625 0.042188
0 0.353125 0.707031 0.053125 0.054688
0 0.354687 0.757031 0.037500 0.035937
0 0.317188 0.774219 0.050000 0.048438
0 0.375781 0.826562 0.042188 0.040625
0 0.386719 0.789844 0.039062 0.035937
0 0.410938 0.813281 0.034375 0.035937
0 0.524219 0.835938 0.026562 0.031250
0 0.744531 0.781250 0.048438 0.050000
0 0.784375 0.767188 0.040625 0.043750
0 0.730469 0.692187 0.039062 0.040625
0 0.755469 0.664844 0.039062 0.035937
0 0.768750 0.585156 0.037500 0.039062
0 0.737500 0.600000 0.034375 0.031250
0 0.705469 0.501563 0.051562 0.050000
0 0.717187 0.546875 0.037500 0.034375
0 0.757031 0.542969 0.035937 0.035937
0 0.746875 0.471875 0.037500 0.037500
0 0.750781 0.507812 0.039062 0.037500
0 0.781250 0.458594 0.037500 0.042188
0 0.830469 0.496094 0.045312 0.039062
0 0.840625 0.536719 0.046875 0.042188
0 0.862500 0.583594 0.031250 0.032813
0 0.809375 0.596875 0.031250 0.037500
0 0.794531 0.635156 0.051562 0.048438
0 0.849219 0.628125 0.035937 0.034375
0 0.842187 0.663281 0.037500 0.039062
0 0.807031 0.672656 0.035937 0.032813
0 0.778125 0.701562 0.046875 0.050000
0 0.826562 0.704688 0.034375 0.031250
0 0.800781 0.412500 0.039062 0.040625
0 0.343750 0.367969 0.053125 0.051562
0 0.325781 0.432031 0.048438 0.045312
0 0.296875 0.461719 0.037500 0.039062
0 0.264062 0.493750 0.046875 0.050000
0 0.321094 0.528125 0.042188 0.043750
0 0.347656 0.490625 0.051562 0.053125
0 0.225000 0.532031 0.053125 0.048438
0 0.185938 0.518750 0.037500 0.037500
0 0.176563 0.558594 0.050000 0.051562
0 0.161719 0.600781 0.042188 0.045312
0 0.197656 0.607031 0.039062 0.042188
0 0.282031 0.638281 0.042188 0.045312
0 0.289844 0.678125 0.042188 0.040625
0 0.242188 0.668750 0.040625 0.040625
0 0.198437 0.657813 0.046875 0.040625
0 0.156250 0.655469 0.046875 0.048438
0 0.197656 0.699219 0.042188 0.042188
0 0.258594 0.704688 0.045312 0.043750
0 0.271094 0.761719 0.051562 0.051562
0 0.235937 0.797656 0.040625 0.039062
0 0.202344 0.770312 0.042188 0.037500
0 0.178906 0.736719 0.039062 0.039062
0 0.160156 0.696875 0.039062 0.037500
0 0.326562 0.823438 0.037500 0.037500
0 0.280469 0.807813 0.057813 0.050000
0 0.242188 0.614062 0.050000 0.046875
0 0.268750 0.564063 0.053125 0.053125
0 0.287500 0.526563 0.034375 0.031250
0 0.304688 0.390625 0.040625 0.040625
0 0.281250 0.420312 0.043750 0.043750
0 0.248438 0.442188 0.043750 0.040625
0 0.215625 0.475781 0.056250 0.054688
0 0.238281 0.354687 0.048438 0.046875
0 0.296094 0.324219 0.048438 0.048438
0 0.359375 0.292187 0.053125 0.056250
0 0.364063 0.242969 0.037500 0.045312
0 0.401562 0.277344 0.043750 0.042188
0 0.442188 0.251563 0.050000 0.053125
0 0.456250 0.210156 0.037500 0.035937
0 0.478125 0.171875 0.050000 0.050000
0 0.482031 0.130469 0.039062 0.039062
0 0.414062 0.220312 0.046875 0.046875
0 0.467187 0.075781 0.059375 0.057813
0 0.422656 0.103125 0.048438 0.046875
0 0.382031 0.160938 0.057813 0.056250
0 0.430469 0.153125 0.035937 0.034375
0 0.330469 0.183594 0.054688 0.054688
0 0.303906 0.239844 0.048438 0.051562
0 0.318750 0.281250 0.043750 0.043750
0 0.237500 0.225781 0.056250 0.054688
0 0.140625 0.455469 0.046875 0.054688
0 0.193750 0.428125 0.034375 0.040625
0 0.224219 0.397656 0.048438 0.048438
0 0.160938 0.321875 0.056250 0.056250
0 0.219531 0.333594 0.042188 0.045312
0 0.095312 0.358594 0.053125 0.054688
0 0.076563 0.404687 0.031250 0.031250
0 0.149219 0.269531 0.045312 0.051562
0 0.207031 0.268750 0.048438 0.043750
0 0.113281 0.171094 0.042188 0.042188
0 0.156250 0.174219 0.040625 0.042188
0 0.214062 0.185938 0.059375 0.056250
0 0.102344 0.243750 0.048438 0.046875
0 0.109375 0.297656 0.053125 0.051562
0 0.038281 0.339844 0.048438 0.054688
0 0.032031 0.408594 0.051562 0.048438
0 0.045312 0.461719 0.050000 0.048438
0 0.094531 0.453906 0.032813 0.035937
0 0.328125 0.078125 0.053125 0.056250
0 0.283594 0.110156 0.054688 0.048438
0 0.274219 0.156250 0.045312 0.043750
0 0.370312 0.109375 0.040625 0.046875
0 0.399219 0.070312 0.039062 0.040625
0 0.288281 0.025000 0.051562 0.046875
0 0.223438 0.081250 0.040625 0.043750
0 0.192188 0.123438 0.037500 0.037500
0 0.112500 0.062500 0.040625 0.040625
0 0.114062 0.105469 0.034375 0.035937
0 0.077344 0.146094 0.032813 0.035937
0 0.061719 0.194531 0.048438 0.051562
0 0.043750 0.241406 0.046875 0.054688
0 0.032031 0.284375 0.032813 0.034375
0 0.066406 0.083594 0.045312 0.045312
0 0.131250 0.024219 0.043750 0.045312
0 0.189062 0.067187 0.053125 0.056250
0 0.249219 0.057031 0.042188 0.042188
0 0.333594 0.039062 0.042188 0.037500
0 0.166406 0.408594 0.035937 0.045312
0 0.044531 0.582031 0.048438 0.045312
0 0.065625 0.624219 0.040625 0.039062
0 0.025000 0.548438 0.037500 0.040625
0 0.047656 0.757812 0.045312 0.040625
0 0.060156 0.714063 0.042188 0.037500
0 0.017969 0.789062 0.032813 0.040625
0 0.015625 0.715625 0.028125 0.046875
0 0.016406 0.669531 0.029687 0.039062
0 0.017188 0.625000 0.031250 0.050000
0 0.469531 0.295312 0.057813 0.056250
0 0.526563 0.289844 0.040625 0.042188
0 0.569531 0.305469 0.048438 0.054688
0 0.667188 0.342969 0.050000 0.051562
0 0.703906 0.377344 0.045312 0.042188
0 0.788281 0.533594 0.048438 0.045312
0 0.794531 0.579688 0.057813 0.050000
0 0.747656 0.569531 0.042188 0.042188
0 0.736719 0.514844 0.042188 0.045312
0 0.734375 0.620313 0.043750 0.046875
0 0.766406 0.651563 0.048438 0.043750
0 0.806250 0.628125 0.046875 0.046875
0 0.807813 0.675781 0.050000 0.048438
0 0.789844 0.721094 0.048438 0.054688
0 0.735156 0.690625 0.045312 0.043750
0 0.763281 0.765625 0.051562 0.056250
0 0.713281 0.772656 0.054688 0.054688
0 0.706250 0.822656 0.053125 0.048438
0 0.664062 0.849219 0.046875 0.048438
0 0.614844 0.845313 0.048438 0.053125
0 0.573438 0.857031 0.037500 0.039062
0 0.528125 0.846875 0.050000 0.050000
0 0.482812 0.848437 0.040625 0.040625
0 0.517969 0.801562 0.042188 0.040625
0 0.568750 0.812500 0.053125 0.050000
0 0.613281 0.796094 0.042188 0.039062
0 0.657031 0.792188 0.048438 0.043750
0 0.640625 0.750781 0.043750 0.042188
0 0.698438 0.724219 0.046875 0.045312
0 0.689063 0.682031 0.040625 0.039062
0 0.658594 0.710156 0.039062 0.039062
0 0.606250 0.694531 0.050000 0.048438
0 0.647656 0.667188 0.048438 0.040625
0 0.690625 0.628906 0.043750 0.042188
0 0.688281 0.585156 0.051562 0.048438
0 0.689844 0.522656 0.045312 0.039062
0 0.643750 0.518750 0.040625 0.043750
0 0.675781 0.469531 0.045312 0.048438
0 0.624219 0.441406 0.042188 0.042188
0 0.677344 0.420312 0.048438 0.043750
0 0.641406 0.387500 0.045312 0.050000
0 0.578125 0.417969 0.046875 0.048438
0 0.582031 0.356250 0.048438 0.050000
0 0.529687 0.331250 0.043750 0.040625
0 0.482812 0.342969 0.040625 0.042188
0 0.464062 0.386719 0.059375 0.054688
0 0.606250 0.480469 0.043750 0.045312
0 0.596875 0.538281 0.053125 0.054688
0 0.546094 0.540625 0.051562 0.050000
0 0.540625 0.586719 0.043750 0.042188
0 0.488281 0.549219 0.051562 0.054688
0 0.641406 0.563281 0.045312 0.045312
0 0.632812 0.606250 0.043750 0.043750
0 0.592969 0.649219 0.042188 0.039062
0 0.548438 0.629687 0.040625 0.040625
0 0.557031 0.674219 0.051562 0.054688
0 0.592187 0.750781 0.053125 0.051562
0 0.552344 0.769531 0.039062 0.042188
0 0.507031 0.762500 0.045312 0.040625
0 0.539844 0.720313 0.054688 0.056250
0 0.484375 0.718750 0.056250 0.050000
0 0.476562 0.793750 0.046875 0.040625
0 0.496094 0.671875 0.048438 0.043750
0 0.496875 0.624219 0.043750 0.048438
0 0.448437 0.584375 0.053125 0.053125
0 0.414062 0.293750 0.046875 0.046875
0 0.434375 0.334375 0.050000 0.043750
0 0.408594 0.375000 0.051562 0.050000
0 0.394531 0.424219 0.057813 0.054688
0 0.396094 0.488281 0.054688 0.054688
0 0.411719 0.545312 0.054688 0.050000
0 0.434375 0.635156 0.056250 0.051562
0 0.421094 0.700000 0.051562 0.050000
0 0.428906 0.753906 0.054688 0.054688
0 0.410156 0.795312 0.039062 0.040625
0 0.439063 0.836719 0.046875 0.048438
0 0.390625 0.835156 0.046875 0.042188
0 0.319531 0.824219 0.051562 0.051562
0 0.383594 0.764844 0.045312 0.042188
0 0.357031 0.727344 0.051562 0.051562
0 0.366406 0.671094 0.051562 0.051562
0 0.381250 0.623437 0.056250 0.046875
0 0.360938 0.528125 0.046875 0.050000
0 0.342969 0.592187 0.051562 0.050000
0 0.316406 0.653125 0.054688 0.050000
0 0.314844 0.700000 0.048438 0.043750
0 0.314063 0.771875 0.056250 0.050000
0 0.274219 0.809375 0.045312 0.040625
0 0.236719 0.767969 0.057813 0.057813
0 0.269531 0.683594 0.048438 0.045312
0 0.238281 0.718750 0.042188 0.040625
0 0.192188 0.740625 0.046875 0.040625
0 0.288281 0.546094 0.054688 0.051562
0 0.290625 0.599219 0.053125 0.054688
0 0.237500 0.635156 0.059375 0.054688
0 0.346875 0.463281 0.053125 0.051562
0 0.353125 0.384375 0.059375 0.059375
0 0.365625 0.310937 0.053125 0.053125
0 0.322656 0.343750 0.048438 0.043750
0 0.284375 0.372656 0.050000 0.048438
0 0.310937 0.419531 0.050000 0.051562
0 0.289844 0.471875 0.060937 0.056250
0 0.238281 0.446094 0.051562 0.054688
0 0.215625 0.496875 0.053125 0.056250
0 0.245312 0.573438 0.056250 0.050000
0 0.208594 0.678906 0.051562 0.051562
0 0.166406 0.699219 0.051562 0.048438
0 0.148438 0.642969 0.053125 0.051562
0 0.525000 0.384375 0.046875 0.046875
0 0.622656 0.330469 0.042188 0.042188
0 0.189844 0.447656 0.042188 0.039062
0 0.171094 0.495312 0.042188 0.050000
0 0.141406 0.539844 0.042188 0.048438
0 0.192188 0.579688 0.053125 0.046875
0 0.244531 0.572656 0.054688 0.048438
0 0.142187 0.590625 0.053125 0.050000
0 0.510938 0.439063 0.053125 0.056250
0 0.516406 0.500000 0.054688 0.053125
0 0.450000 0.490625 0.053125 0.050000
0 0.455469 0.440625 0.054688 0.053125
0 0.728125 0.422656 0.053125 0.051562
0 0.714063 0.469531 0.037500 0.042188
0 0.760938 0.476562 0.043750 0.043750
0 0.400000 0.360156 0.078125 0.079687
0 0.474219 0.340625 0.070312 0.078125
0 0.547656 0.335938 0.076563 0.084375
0 0.614062 0.372656 0.075000 0.082812
0 0.547656 0.423438 0.089063 0.090625
0 0.463281 0.413281 0.070312 0.067187
0 0.675781 0.417969 0.073438 0.067187
0 0.744531 0.491406 0.070312 0.064062
0 0.754687 0.571094 0.081250 0.076563
0 0.733594 0.646875 0.079687 0.075000
0 0.683594 0.715625 0.085938 0.084375
0 0.599219 0.721875 0.079687 0.081250
0 0.618750 0.648438 0.065625 0.068750
0 0.681250 0.593750 0.071875 0.068750
0 0.672656 0.518750 0.082812 0.081250
0 0.558594 0.517969 0.070312 0.070312
0 0.547656 0.592969 0.082812 0.082812
0 0.512500 0.664062 0.062500 0.078125
0 0.456250 0.717969 0.065625 0.060937
0 0.535156 0.785156 0.076563 0.079687
0 0.400781 0.782813 0.085938 0.081250
0 0.471875 0.810156 0.065625 0.057813
0 0.318750 0.803906 0.065625 0.060937
0 0.470313 0.575000 0.078125 0.068750
0 0.478906 0.480469 0.070312 0.070312
0 0.418750 0.521875 0.068750 0.062500
0 0.331250 0.476562 0.075000 0.068750
0 0.323437 0.553906 0.071875 0.067187
0 0.356250 0.611719 0.075000 0.067187
0 0.374219 0.683594 0.073438 0.073438
0 0.334375 0.744531 0.059375 0.060937
0 0.264844 0.756250 0.082812 0.090625
0 0.221094 0.685156 0.082812 0.079687
0 0.302344 0.668750 0.070312 0.075000
0 0.258594 0.623437 0.067187 0.059375
0 0.314844 0.389844 0.070312 0.067187
0 0.270313 0.438281 0.062500 0.070312
0 0.219531 0.514844 0.079687 0.073438
0 0.210156 0.579688 0.076563 0.075000
0 0.075000 0.473438 0.034375 0.034375
0 0.081250 0.520312 0.034375 0.037500
0 0.104688 0.550781 0.031250 0.032813
0 0.119531 0.583594 0.035937 0.039062
0 0.111719 0.624219 0.039062 0.035937
0 0.114844 0.683594 0.035937 0.035937
0 0.107813 0.722656 0.043750 0.039062
0 0.092188 0.759375 0.034375 0.034375
0 0.071094 0.795312 0.039062 0.040625
0 0.039062 0.806250 0.034375 0.037500
0 0.050000 0.433594 0.037500 0.039062
0 0.049219 0.515625 0.029687 0.034375
0 0.066406 0.552344 0.039062 0.035937
0 0.082031 0.596875 0.042188 0.046875
0 0.042969 0.617188 0.039062 0.043750
0 0.051562 0.655469 0.031250 0.032813
0 0.089063 0.653125 0.034375 0.034375
0 0.072656 0.687500 0.039062 0.040625
0 0.062500 0.730469 0.043750 0.045312
0 0.939844 0.653125 0.048438 0.046875
0 0.943750 0.700000 0.053125 0.050000
0 0.940625 0.603906 0.053125 0.048438
0 0.957031 0.753906 0.032813 0.048438
0 0.428125 0.332031 0.050000 0.051562
0 0.475000 0.334375 0.046875 0.043750
0 0.381250 0.335938 0.046875 0.050000
0 0.335156 0.335938 0.045312 0.043750
0 0.521094 0.348438 0.045312 0.040625
0 0.462500 0.382812 0.046875 0.046875
0 0.416406 0.383594 0.045312 0.042188
0 0.351562 0.377344 0.050000 0.048438
0 0.308594 0.396875 0.048438 0.050000
0 0.507031 0.392188 0.045312 0.046875
0 0.551562 0.378906 0.037500 0.035937
0 0.589063 0.365625 0.040625 0.040625
0 0.532031 0.429688 0.045312 0.043750
0 0.578125 0.417969 0.037500 0.035937
0 0.628125 0.385937 0.046875 0.046875
0 0.628906 0.428906 0.042188 0.039062
0 0.569531 0.465625 0.051562 0.046875
0 0.527344 0.480469 0.042188 0.042188
0 0.487500 0.473438 0.040625 0.037500
0 0.478906 0.432031 0.045312 0.048438
0 0.422656 0.422656 0.039062 0.039062
0 0.382031 0.426563 0.039062 0.034375
0 0.346094 0.445312 0.042188 0.040625
0 0.382031 0.464844 0.045312 0.042188
0 0.430469 0.462500 0.048438 0.043750
0 0.617188 0.474219 0.046875 0.051562
0 0.269531 0.414844 0.042188 0.042188
0 0.295312 0.453125 0.046875 0.046875
0 0.333594 0.493750 0.045312 0.040625
0 0.227344 0.403125 0.042188 0.050000
0 0.197656 0.439844 0.045312 0.042188
0 0.246094 0.451562 0.045312 0.046875
0 0.172656 0.467187 0.039062 0.040625
0 0.214062 0.507812 0.050000 0.043750
0 0.265625 0.482031 0.034375 0.035937
0 0.250781 0.532031 0.042188 0.042188
0 0.292187 0.535156 0.037500 0.039062
0 0.418750 0.510938 0.034375 0.037500
0 0.396875 0.543750 0.046875 0.046875
0 0.457813 0.504687 0.043750 0.043750
0 0.443750 0.539844 0.043750 0.042188
0 0.418750 0.581250 0.037500 0.037500
0 0.539844 0.522656 0.048438 0.045312
0 0.498437 0.539844 0.043750 0.042188
0 0.669531 0.407031 0.042188 0.039062
0 0.662500 0.444531 0.034375 0.035937
0 0.699219 0.437500 0.042188 0.043750
0 0.680469 0.475000 0.045312 0.043750
0 0.722656 0.479687 0.032813 0.034375
0 0.692969 0.525000 0.035937 0.037500
0 0.731250 0.529687 0.040625 0.040625
0 0.650000 0.524219 0.050000 0.045312
0 0.618750 0.556250 0.040625 0.040625
0 0.660156 0.560937 0.035937 0.037500
0 0.704688 0.563281 0.043750 0.042188
0 0.753906 0.563281 0.039062 0.035937
0 0.600781 0.519531 0.042188 0.048438
0 0.577344 0.560156 0.042188 0.045312
0 0.532031 0.567969 0.039062 0.035937
0 0.477344 0.581250 0.045312 0.043750
0 0.638281 0.589063 0.045312 0.043750
0 0.592969 0.600781 0.045312 0.045312
0 0.539062 0.616406 0.053125 0.048438
0 0.488281 0.623437 0.042188 0.040625
0 0.676562 0.634375 0.043750 0.046875
0 0.720313 0.611719 0.050000 0.048438
0 0.764062 0.597656 0.043750 0.042188
0 0.751563 0.641406 0.046875 0.042188
0 0.722656 0.672656 0.039062 0.035937
0 0.681250 0.673438 0.034375 0.034375
0 0.618750 0.651563 0.050000 0.043750
0 0.564844 0.666406 0.045312 0.042188
0 0.521094 0.662500 0.045312 0.043750
0 0.631250 0.685156 0.040625 0.042188
0 0.702344 0.705469 0.042188 0.045312
0 0.749219 0.707031 0.039062 0.039062
0 0.174219 0.510156 0.039062 0.039062
0 0.134375 0.542969 0.040625 0.042188
0 0.135156 0.592969 0.042188 0.039062
0 0.213281 0.577344 0.051562 0.045312
0 0.262500 0.581250 0.043750 0.040625
0 0.297656 0.593750 0.035937 0.037500
0 0.313281 0.564063 0.035937 0.037500
0 0.163281 0.622656 0.032813 0.032813
0 0.202344 0.623437 0.045312 0.037500
0 0.278125 0.623437 0.037500 0.037500
0 0.236719 0.653125 0.039062 0.034375
0 0.328906 0.633594 0.039062 0.035937
0 0.366406 0.631250 0.035937 0.034375
0 0.418750 0.630469 0.040625 0.045312
0 0.357031 0.574219 0.048438 0.042188
0 0.164844 0.655469 0.035937 0.035937
0 0.144531 0.684375 0.042188 0.037500
0 0.149219 0.726562 0.039062 0.037500
0 0.180469 0.705469 0.042188 0.039062
0 0.253125 0.721094 0.040625 0.039062
0 0.301563 0.704688 0.043750 0.040625
0 0.328906 0.675781 0.048438 0.035937
0 0.285156 0.666406 0.039062 0.035937
0 0.210156 0.735938 0.045312 0.040625
0 0.169531 0.762500 0.039062 0.040625
0 0.198437 0.789844 0.034375 0.029687
0 0.464062 0.672656 0.037500 0.032813
0 0.411719 0.679688 0.042188 0.037500
0 0.375781 0.664062 0.035937 0.031250
0 0.393750 0.717187 0.034375 0.037500
0 0.433594 0.746094 0.042188 0.035937
0 0.387500 0.757812 0.050000 0.040625
0 0.340625 0.717969 0.040625 0.039062
0 0.289844 0.749219 0.042188 0.042188
0 0.257031 0.792969 0.039062 0.032813
0 0.311719 0.794531 0.045312 0.042188
0 0.385937 0.805469 0.040625 0.039062
0 0.366406 0.840625 0.042188 0.040625
0 0.318750 0.842969 0.037500 0.032813
0 0.282813 0.823438 0.046875 0.040625
0 0.225781 0.811719 0.042188 0.035937
0 0.350000 0.781250 0.034375 0.034375
0 0.403906 0.842187 0.035937 0.037500
0 0.442969 0.842187 0.042188 0.040625
0 0.461719 0.804688 0.032813 0.034375
0 0.500000 0.813281 0.043750 0.039062
0 0.484375 0.843750 0.034375 0.037500
0 0.529687 0.839063 0.043750 0.040625
0 0.577344 0.832031 0.039062 0.039062
0 0.454688 0.771875 0.034375 0.037500
0 0.515625 0.770312 0.040625 0.040625
0 0.525000 0.733594 0.037500 0.039062
0 0.502344 0.702344 0.048438 0.045312
0 0.556250 0.707812 0.046875 0.040625
0 0.613281 0.726562 0.045312 0.037500
0 0.578906 0.748437 0.042188 0.040625
0 0.641406 0.796875 0.045312 0.040625
0 0.599219 0.782813 0.042188 0.043750
0 0.655469 0.833594 0.035937 0.035937
0 0.615625 0.830469 0.040625 0.045312
0 0.692969 0.818750 0.045312 0.043750
0 0.658594 0.724219 0.045312 0.045312
0 0.689844 0.751563 0.048438 0.050000
0 0.735156 0.746094 0.042188 0.042188
0 0.717969 0.782031 0.035937 0.032813
0 0.860938 0.523438 0.096875 0.078125
0 0.836719 0.592187 0.079687 0.078125
0 0.923438 0.441406 0.071875 0.076563
0 0.963281 0.565625 0.073438 0.075000
0 0.881250 0.640625 0.075000 0.062500
0 0.842969 0.703906 0.095312 0.085938
0 0.933594 0.689063 0.073438 0.081250
0 0.959375 0.767969 0.068750 0.067187
0 0.882812 0.781250 0.087500 0.096875
0 0.935156 0.831250 0.064062 0.062500
0 0.967969 0.482031 0.064062 0.076563
0 0.497656 0.318750 0.057813 0.059375
0 0.574219 0.327344 0.060937 0.060937
0 0.674219 0.373437 0.051562 0.053125
0 0.650781 0.417969 0.051562 0.048438
0 0.706250 0.425000 0.059375 0.062500
0 0.579688 0.403906 0.059375 0.057813
0 0.527344 0.369531 0.057813 0.064062
0 0.463281 0.360938 0.054688 0.053125
0 0.412500 0.373437 0.053125 0.056250
0 0.385937 0.318750 0.046875 0.053125
0 0.437500 0.313281 0.053125 0.054688
0 0.342187 0.353125 0.059375 0.062500
0 0.292187 0.383594 0.053125 0.054688
0 0.340625 0.418750 0.065625 0.062500
0 0.298438 0.456250 0.053125 0.059375
0 0.362500 0.471094 0.053125 0.051562
0 0.247656 0.442188 0.054688 0.059375
0 0.196875 0.460938 0.043750 0.046875
0 0.243750 0.507812 0.053125 0.056250
0 0.177344 0.503906 0.060937 0.057813
0 0.314844 0.510938 0.060937 0.059375
0 0.150000 0.550000 0.046875 0.050000
0 0.196875 0.553125 0.056250 0.053125
0 0.257031 0.584375 0.054688 0.056250
0 0.173437 0.600781 0.065625 0.054688
0 0.221875 0.623437 0.056250 0.056250
0 0.167969 0.659375 0.051562 0.050000
0 0.278125 0.643750 0.065625 0.056250
0 0.310156 0.599219 0.051562 0.051562
0 0.371094 0.561719 0.060937 0.070312
0 0.374219 0.621875 0.054688 0.053125
0 0.332031 0.664844 0.048438 0.048438
0 0.301563 0.707812 0.046875 0.046875
0 0.357031 0.724219 0.060937 0.060937
0 0.318750 0.755469 0.043750 0.054688
0 0.286719 0.795312 0.057813 0.053125
0 0.347656 0.800781 0.054688 0.051562
0 0.237500 0.818750 0.056250 0.053125
0 0.248438 0.748437 0.053125 0.056250
0 0.196094 0.752344 0.051562 0.054688
0 0.237500 0.694531 0.046875 0.051562
0 0.191406 0.700781 0.048438 0.045312
0 0.413281 0.435937 0.051562 0.053125
0 0.459375 0.471094 0.065625 0.060937
0 0.540625 0.447656 0.056250 0.057813
0 0.565625 0.503125 0.056250 0.056250
0 0.517188 0.524219 0.053125 0.051562
0 0.459375 0.540625 0.053125 0.056250
0 0.632812 0.533594 0.062500 0.057813
0 0.579688 0.562500 0.059375 0.056250
0 0.514844 0.612500 0.064062 0.059375
0 0.436719 0.592969 0.064062 0.060937
0 0.472656 0.642969 0.064062 0.054688
0 0.416406 0.670312 0.051562 0.050000
0 0.529687 0.669531 0.062500 0.057813
0 0.590625 0.675781 0.056250 0.054688
0 0.661719 0.656250 0.051562 0.053125
0 0.639844 0.707031 0.060937 0.057813
0 0.574219 0.736719 0.048438 0.045312
0 0.517969 0.726562 0.060937 0.059375
0 0.454688 0.719531 0.053125 0.057813
0 0.421094 0.811719 0.051562 0.060937
0 0.479687 0.798438 0.059375 0.068750
0 0.542969 0.789844 0.057813 0.064062
0 0.627344 0.767188 0.060937 0.071875
0 0.685156 0.750000 0.054688 0.053125
0 0.666406 0.827344 0.051562 0.054688
0 0.595313 0.835156 0.065625 0.064062
0 0.528125 0.857812 0.059375 0.053125
0 0.456250 0.854688 0.065625 0.053125
0 0.389844 0.857812 0.048438 0.046875
0 0.341406 0.852344 0.051562 0.051562
0 0.285938 0.846875 0.053125 0.053125
0 0.721875 0.803906 0.059375 0.057813
0 0.759375 0.758594 0.059375 0.060937
0 0.718750 0.677344 0.065625 0.067187
0 0.732031 0.618750 0.064062 0.056250
0 0.798438 0.591406 0.068750 0.064062
0 0.813281 0.651563 0.057813 0.056250
0 0.802344 0.702344 0.060937 0.057813
0 0.726562 0.535156 0.056250 0.057813
0 0.777344 0.511719 0.057813 0.060937
0 0.727344 0.478125 0.060937 0.056250
0 0.664062 0.473438 0.062500 0.053125
0 0.609375 0.451562 0.059375 0.056250
0 0.618750 0.361719 0.059375 0.057813
0 0.410156 0.512500 0.064062 0.065625
0 0.971094 0.530469 0.048438 0.045312
0 0.960156 0.583594 0.048438 0.045312
0 0.976562 0.682031 0.046875 0.039062
0 0.964844 0.641406 0.042188 0.035937
0 0.976562 0.729688 0.040625 0.037500
0 0.364063 0.234375 0.056250 0.062500
0 0.428906 0.238281 0.057813 0.060937
0 0.483594 0.232813 0.054688 0.053125
0 0.536719 0.248438 0.051562 0.053125
0 0.514844 0.292187 0.048438 0.053125
0 0.459375 0.280469 0.043750 0.048438
0 0.408594 0.285156 0.045312 0.048438
0 0.580469 0.268750 0.051562 0.046875
0 0.558594 0.311719 0.045312 0.045312
0 0.513281 0.353906 0.064062 0.064062
0 0.571094 0.361719 0.045312 0.045312
0 0.600781 0.318750 0.039062 0.043750
0 0.651563 0.312500 0.050000 0.053125
0 0.666406 0.381250 0.045312 0.043750
0 0.619531 0.373437 0.048438 0.050000
0 0.582031 0.405469 0.054688 0.048438
0 0.525000 0.413281 0.053125 0.054688
0 0.438281 0.333594 0.060937 0.060937
0 0.463281 0.404687 0.045312 0.050000
0 0.476562 0.462500 0.056250 0.053125
0 0.542188 0.473438 0.053125 0.056250
0 0.606250 0.486719 0.065625 0.064062
0 0.425781 0.426563 0.051562 0.053125
0 0.403906 0.379688 0.048438 0.050000
0 0.374219 0.416406 0.051562 0.054688
0 0.335156 0.378125 0.060937 0.056250
0 0.323437 0.446875 0.050000 0.050000
0 0.298438 0.503906 0.046875 0.051562
0 0.387500 0.463281 0.050000 0.048438
0 0.381250 0.513281 0.046875 0.045312
0 0.432031 0.494531 0.054688 0.051562
0 0.496094 0.532031 0.054688 0.057813
0 0.425781 0.547656 0.051562 0.051562
0 0.308594 0.256250 0.042188 0.046875
0 0.331250 0.311719 0.053125 0.057813
0 0.278125 0.295312 0.056250 0.056250
0 0.285938 0.355469 0.046875 0.045312
0 0.232031 0.371094 0.048438 0.045312
0 0.208594 0.317969 0.048438 0.045312
0 0.186719 0.356250 0.048438 0.053125
0 0.137500 0.410938 0.046875 0.050000
0 0.202344 0.409375 0.054688 0.059375
0 0.272656 0.442188 0.048438 0.046875
0 0.196094 0.460938 0.048438 0.046875
0 0.140625 0.468750 0.065625 0.065625
0 0.107813 0.524219 0.046875 0.045312
0 0.168750 0.538281 0.043750 0.045312
0 0.209375 0.552344 0.059375 0.057813
0 0.169531 0.582812 0.042188 0.037500
0 0.131250 0.578125 0.043750 0.050000
0 0.163281 0.623437 0.048438 0.050000
0 0.200781 0.610938 0.054688 0.056250
0 0.264062 0.571094 0.050000 0.045312
0 0.315625 0.550781 0.046875 0.045312
0 0.310156 0.597656 0.048438 0.045312
0 0.369531 0.575000 0.051562 0.050000
0 0.272656 0.642188 0.048438 0.056250
0 0.188281 0.667969 0.045312 0.048438
0 0.242188 0.684375 0.056250 0.053125
0 0.324219 0.657031 0.051562 0.051562
0 0.314063 0.700000 0.050000 0.053125
0 0.364844 0.680469 0.045312 0.042188
0 0.359375 0.722656 0.050000 0.048438
0 0.405469 0.715625 0.045312 0.046875
0 0.364844 0.623437 0.048438 0.056250
0 0.429688 0.599219 0.059375 0.051562
0 0.428125 0.654687 0.056250 0.056250
0 0.453125 0.729688 0.059375 0.059375
0 0.501563 0.679688 0.056250 0.053125
0 0.484375 0.625000 0.050000 0.050000
0 0.478906 0.576562 0.045312 0.046875
0 0.496094 0.532813 0.054688 0.056250
0 0.532813 0.577344 0.062500 0.054688
0 0.537500 0.625781 0.046875 0.045312
0 0.589063 0.595313 0.053125 0.053125
0 0.564844 0.675000 0.051562 0.050000
0 0.569531 0.726562 0.045312 0.043750
0 0.515625 0.724219 0.046875 0.048438
0 0.613281 0.705469 0.051562 0.051562
0 0.612500 0.657031 0.043750 0.045312
0 0.692969 0.643750 0.045312 0.046875
0 0.653906 0.667188 0.048438 0.043750
0 0.660937 0.603906 0.050000 0.051562
0 0.717969 0.597656 0.057813 0.057813
0 0.749219 0.550000 0.054688 0.053125
0 0.693750 0.542969 0.053125 0.051562
0 0.632031 0.560156 0.054688 0.051562
0 0.588281 0.535937 0.042188 0.046875
0 0.653125 0.472656 0.043750 0.042188
0 0.702344 0.482812 0.045312 0.043750
0 0.680469 0.432812 0.051562 0.050000
0 0.632031 0.415625 0.045312 0.043750
0 0.720313 0.394531 0.046875 0.045312
0 0.737500 0.445312 0.053125 0.050000
0 0.712500 0.348438 0.046875 0.043750
0 0.947656 0.647656 0.048438 0.045312
0 0.942187 0.610156 0.037500 0.032813
0 0.948438 0.537500 0.037500 0.037500
0 0.937500 0.574219 0.034375 0.029687
0 0.961719 0.486719 0.039062 0.042188
0 0.959375 0.688281 0.040625 0.035937
0 0.980469 0.718750 0.039062 0.040625
0 0.470313 0.125781 0.078125 0.085938
0 0.549219 0.110937 0.073438 0.078125
0 0.635938 0.129688 0.084375 0.087500
0 0.614062 0.215625 0.093750 0.093750
0 0.528906 0.185156 0.082812 0.082812
0 0.456250 0.203125 0.062500 0.065625
0 0.539062 0.267188 0.075000 0.075000
0 0.703906 0.253125 0.070312 0.065625
0 0.692969 0.322656 0.073438 0.073438
0 0.605469 0.305469 0.076563 0.079687
0 0.546875 0.367969 0.062500 0.064062
0 0.468750 0.307031 0.078125 0.076563
0 0.480469 0.383594 0.070312 0.070312
0 0.422656 0.353906 0.060937 0.064062
0 0.403906 0.281250 0.064062 0.062500
0 0.408594 0.166406 0.057813 0.064062
0 0.359375 0.221875 0.081250 0.078125
0 0.294531 0.261719 0.064062 0.064062
0 0.352344 0.332813 0.079687 0.081250
0 0.272656 0.327344 0.079687 0.076563
0 0.249219 0.405469 0.064062 0.064062
0 0.371875 0.408594 0.078125 0.079687
0 0.401562 0.494531 0.081250 0.085938
0 0.317188 0.462500 0.084375 0.078125
0 0.248438 0.497656 0.075000 0.073438
0 0.263281 0.563281 0.057813 0.054688
0 0.325000 0.528125 0.062500 0.056250
0 0.339844 0.597656 0.057813 0.057813
0 0.289062 0.619531 0.065625 0.067187
0 0.336719 0.683594 0.073438 0.073438
0 0.397656 0.713281 0.057813 0.057813
0 0.447656 0.674219 0.064062 0.067187
0 0.391406 0.649219 0.064062 0.067187
0 0.406250 0.589844 0.065625 0.067187
0 0.472656 0.602344 0.067187 0.064062
0 0.500000 0.509375 0.075000 0.075000
0 0.592187 0.469531 0.084375 0.082812
0 0.587500 0.546094 0.090625 0.089063
0 0.557031 0.618750 0.064062 0.062500
0 0.524219 0.679688 0.064062 0.068750
0 0.508594 0.743750 0.060937 0.059375
0 0.567969 0.726562 0.057813 0.056250
0 0.635938 0.681250 0.078125 0.075000
0 0.628125 0.749219 0.068750 0.067187
0 0.629687 0.613281 0.071875 0.064062
0 0.651563 0.399219 0.084375 0.089063
0 0.679688 0.488281 0.062500 0.064062
0 0.723437 0.184375 0.071875 0.071875
0 0.784375 0.224219 0.087500 0.085938
0 0.847656 0.287500 0.076563 0.078125
0 0.777344 0.330469 0.082812 0.082812
0 0.868750 0.362500 0.081250 0.075000
0 0.903125 0.440625 0.068750 0.062500
0 0.800781 0.403906 0.070312 0.070312
0 0.729688 0.420312 0.075000 0.071875
0 0.753906 0.499219 0.085938 0.079687
0 0.828906 0.481250 0.067187 0.065625
0 0.878906 0.534375 0.079687 0.065625
0 0.806250 0.557813 0.071875 0.071875
0 0.866406 0.605469 0.070312 0.073438
0 0.799219 0.633594 0.073438 0.076563
0 0.719531 0.562500 0.073438 0.071875
0 0.721094 0.637500 0.070312 0.071875
0 0.796875 0.713281 0.078125 0.073438
0 0.716406 0.717187 0.070312 0.071875
0 0.955469 0.426563 0.067187 0.068750
0 0.962500 0.498437 0.062500 0.065625
0 0.973437 0.363281 0.053125 0.067187
0 0.539062 0.184375 0.065625 0.068750
0 0.475000 0.174219 0.050000 0.048438
0 0.467187 0.227344 0.062500 0.057813
0 0.583594 0.239063 0.051562 0.053125
0 0.609375 0.199219 0.056250 0.057813
0 0.523438 0.250000 0.059375 0.065625
0 0.460938 0.282031 0.059375 0.054688
0 0.537500 0.313281 0.059375 0.064062
0 0.607812 0.288281 0.056250 0.057813
0 0.675000 0.305469 0.050000 0.054688
0 0.653906 0.246094 0.051562 0.070312
0 0.742969 0.284375 0.060937 0.068750
0 0.746875 0.346875 0.043750 0.046875
0 0.687500 0.359375 0.056250 0.056250
0 0.538281 0.383594 0.057813 0.057813
0 0.582031 0.345313 0.073438 0.075000
0 0.467969 0.344531 0.067187 0.064062
0 0.410938 0.321875 0.056250 0.059375
0 0.409375 0.182031 0.053125 0.057813
0 0.354687 0.218750 0.065625 0.071875
0 0.304688 0.250781 0.046875 0.048438
0 0.347656 0.291406 0.070312 0.070312
0 0.239844 0.321094 0.060937 0.070312
0 0.296094 0.328125 0.051562 0.056250
0 0.349219 0.357812 0.067187 0.062500
0 0.405469 0.385156 0.064062 0.064062
0 0.476562 0.405469 0.053125 0.051562
0 0.184375 0.364844 0.065625 0.064062
0 0.301563 0.397656 0.059375 0.064062
0 0.245312 0.389844 0.053125 0.054688
0 0.203906 0.436719 0.070312 0.070312
0 0.295312 0.455469 0.053125 0.051562
0 0.344531 0.465625 0.057813 0.053125
0 0.393750 0.503906 0.065625 0.057813
0 0.405469 0.445312 0.064062 0.059375
0 0.483594 0.473438 0.051562 0.053125
0 0.517188 0.432812 0.050000 0.046875
0 0.617188 0.426563 0.050000 0.053125
0 0.684375 0.417969 0.059375 0.064062
0 0.739062 0.394531 0.053125 0.051562
0 0.778906 0.430469 0.051562 0.051562
0 0.866406 0.371875 0.048438 0.050000
0 0.798438 0.307031 0.068750 0.070312
0 0.895312 0.412500 0.050000 0.050000
0 0.843750 0.446094 0.050000 0.051562
0 0.750000 0.475781 0.050000 0.048438
0 0.900000 0.468750 0.050000 0.053125
0 0.893750 0.529687 0.065625 0.062500
0 0.734375 0.525781 0.053125 0.051562
0 0.656250 0.478125 0.056250 0.053125
0 0.590625 0.490625 0.053125 0.053125
0 0.529687 0.499219 0.053125 0.051562
0 0.557813 0.546875 0.053125 0.050000
0 0.605469 0.556250 0.051562 0.053125
0 0.485156 0.535156 0.064062 0.064062
0 0.425000 0.563281 0.062500 0.057813
0 0.348438 0.560937 0.065625 0.059375
0 0.269531 0.511719 0.067187 0.064062
0 0.143750 0.415625 0.053125 0.050000
0 0.139844 0.481250 0.076563 0.065625
0 0.207031 0.502344 0.060937 0.054688
0 0.153125 0.543750 0.078125 0.062500
0 0.213281 0.557031 0.054688 0.051562
0 0.260937 0.587500 0.068750 0.059375
0 0.199219 0.615625 0.060937 0.056250
0 0.141406 0.613281 0.057813 0.054688
0 0.164062 0.659375 0.059375 0.053125
0 0.259375 0.653125 0.043750 0.040625
0 0.339844 0.630469 0.054688 0.042188
0 0.215625 0.659375 0.046875 0.040625
0 0.272656 0.697656 0.070312 0.057813
0 0.389844 0.632031 0.048438 0.048438
0 0.192969 0.712500 0.060937 0.056250
0 0.228125 0.753125 0.059375 0.053125
0 0.431250 0.772656 0.053125 0.048438
0 0.367969 0.759375 0.054688 0.053125
0 0.383594 0.710938 0.048438 0.046875
0 0.348438 0.666406 0.062500 0.054688
0 0.278125 0.782031 0.062500 0.057813
0 0.560937 0.775781 0.071875 0.064062
0 0.457813 0.707812 0.065625 0.056250
0 0.520312 0.696875 0.062500 0.056250
0 0.333594 0.798438 0.051562 0.043750
0 0.385156 0.820312 0.057813 0.050000
0 0.481250 0.654687 0.062500 0.059375
0 0.546875 0.650781 0.053125 0.048438
0 0.598437 0.610938 0.056250 0.050000
0 0.678906 0.645312 0.064062 0.056250
0 0.625000 0.710938 0.053125 0.053125
0 0.666406 0.592969 0.060937 0.067187
0 0.722656 0.567969 0.045312 0.042188
0 0.733594 0.691406 0.051562 0.048438
0 0.702344 0.741406 0.060937 0.060937
0 0.738281 0.792969 0.060937 0.057813
0 0.626563 0.817187 0.056250 0.053125
0 0.514844 0.810156 0.057813 0.048438
0 0.784375 0.674219 0.046875 0.045312
0 0.789844 0.772656 0.045312 0.045312
0 0.836719 0.747656 0.057813 0.054688
0 0.874219 0.703906 0.042188 0.042188
0 0.829688 0.697656 0.053125 0.051562
0 0.882031 0.648438 0.070312 0.059375
0 0.778906 0.603125 0.054688 0.053125
0 0.817187 0.571094 0.050000 0.048438
0 0.870313 0.584375 0.059375 0.053125
0 0.778125 0.543750 0.053125 0.050000
0 0.789062 0.375781 0.050000 0.057813
0 0.450781 0.802344 0.067187 0.057813
0 0.686719 0.136719 0.085938 0.073438
0 0.806250 0.139063 0.068750 0.068750
0 0.802344 0.210156 0.076563 0.070312
0 0.872656 0.182031 0.057813 0.064062
0 0.907031 0.275000 0.057813 0.056250
0 0.876563 0.117188 0.059375 0.068750
0 0.768750 0.067969 0.059375 0.057813
0 0.851562 0.052344 0.059375 0.060937
0 0.582031 0.048438 0.070312 0.071875
0 0.628125 0.103906 0.056250 0.051562
0 0.918750 0.072656 0.056250 0.060937
0 0.932813 0.131250 0.053125 0.056250
0 0.923438 0.203906 0.053125 0.054688
0 0.853125 0.239063 0.053125 0.050000
0 0.735156 0.186719 0.048438 0.054688
0 0.934375 0.562500 0.050000 0.040625
0 0.814844 0.622656 0.060937 0.057813
0 0.520312 0.580469 0.059375 0.054688
0 0.441406 0.610938 0.054688 0.050000
0 0.404687 0.262500 0.062500 0.071875
0 0.538281 0.284375 0.429688 0.431250
0 0.353125 0.686719 0.378125 0.348438
0 0.703906 0.643750 0.373437 0.353125
0 0.443750 0.110937 0.171875 0.178125
0 0.441406 0.385937 0.210938 0.215625
0 0.333594 0.597656 0.185938 0.182812
0 0.181250 0.707812 0.196875 0.193750
0 0.810937 0.487500 0.228125 0.212500
0 0.690625 0.509375 0.221875 0.200000
0 0.790625 0.399219 0.153125 0.145313
0 0.425000 0.432812 0.200000 0.184375
0 0.346875 0.262500 0.184375 0.171875
0 0.187500 0.414062 0.221875 0.203125
0 0.030469 0.420312 0.057813 0.181250
0 0.516406 0.432812 0.532813 0.509375
0 0.555469 0.246094 0.110937 0.114062
0 0.466406 0.350781 0.154688 0.170313
0 0.664844 0.423438 0.217188 0.175000
0 0.478125 0.510938 0.221875 0.153125
0 0.278906 0.462500 0.201563 0.209375
0 0.903125 0.321875 0.193750 0.193750
0 0.826562 0.489063 0.178125 0.168750
0 0.954688 0.510156 0.090625 0.173437
0 0.602344 0.444531 0.385937 0.370312
0 0.669531 0.159375 0.276562 0.284375
0 0.500781 0.727344 0.326562 0.323437
0 0.170313 0.683594 0.337500 0.307812
0 0.221094 0.350781 0.239063 0.229687
0 0.864062 0.688281 0.271875 0.279687
0 0.448437 0.199219 0.200000 0.223438
0 0.891406 0.417969 0.217188 0.248438
0 0.507031 0.416406 0.354687 0.323437
0 0.758594 0.449219 0.201563 0.198437
0 0.221094 0.632812 0.279687 0.259375
0 0.575000 0.676562 0.250000 0.253125
0 0.806250 0.665625 0.231250 0.215625
0 0.782813 0.289062 0.359375 0.325000
0 0.479687 0.412500 0.237500 0.246875
0 0.218750 0.253125 0.281250 0.284375
0 0.253125 0.513281 0.243750 0.245312
0 0.657031 0.666406 0.273438 0.254688
0 0.828906 0.517969 0.248438 0.217188
0 0.789062 0.864844 0.253125 0.248438
0 0.514062 0.824219 0.221875 0.257812
0 0.098437 0.713281 0.193750 0.245312
0 0.953906 0.571094 0.092188 0.170313
0 0.440625 0.136719 0.125000 0.139063
0 0.558594 0.216406 0.114062 0.129688
0 0.701562 0.137500 0.162500 0.150000
0 0.650781 0.340625 0.145313 0.137500
0 0.448437 0.267188 0.118750 0.125000
0 0.250781 0.222656 0.164062 0.154688
0 0.371094 0.360938 0.114062 0.115625
0 0.417187 0.491406 0.137500 0.135937
0 0.581250 0.426563 0.112500 0.125000
0 0.719531 0.446094 0.135937 0.135937
0 0.289062 0.491406 0.090625 0.079687
0 0.755469 0.280469 0.142187 0.129688
0 0.861719 0.317188 0.107813 0.100000
0 0.806250 0.549219 0.131250 0.123438
0 0.671875 0.553125 0.115625 0.118750
0 0.602344 0.643750 0.092188 0.093750
0 0.521094 0.559375 0.126562 0.125000
0 0.415625 0.628906 0.096875 0.098437
0 0.221094 0.653125 0.117188 0.109375
0 0.413281 0.734375 0.079687 0.084375
0 0.573438 0.718750 0.118750 0.109375
0 0.788281 0.656250 0.101562 0.096875
0 0.748437 0.753125 0.100000 0.093750
0 0.807813 0.839063 0.128125 0.106250
0 0.666406 0.822656 0.126562 0.104688
0 0.527344 0.850000 0.126562 0.109375
0 0.406250 0.835938 0.103125 0.096875
0 0.334375 0.760938 0.106250 0.103125
0 0.892969 0.735156 0.095312 0.107813
0 0.900000 0.650781 0.090625 0.082812
0 0.189062 0.442188 0.112500 0.106250
0 0.679688 0.679688 0.106250 0.100000
0 0.189062 0.791406 0.106250 0.104688
0 0.272656 0.847656 0.085938 0.085938
0 0.136719 0.688281 0.117188 0.126562
0 0.121875 0.339844 0.125000 0.126562
0 0.199219 0.503125 0.085938 0.075000
0 0.083594 0.744531 0.120313 0.110937
0 0.931250 0.442969 0.137500 0.157812
0 0.038281 0.854688 0.073438 0.093750
0 0.343750 0.549219 0.096875 0.098437
0 0.034375 0.461719 0.065625 0.126562
0 0.042188 0.571875 0.081250 0.112500
0 0.937500 0.860938 0.087500 0.084375
0 0.456250 0.194531 0.143750 0.151562
0 0.576562 0.325781 0.181250 0.195312
0 0.418750 0.326562 0.134375 0.134375
0 0.743750 0.447656 0.175000 0.182812
0 0.459375 0.472656 0.175000 0.182812
0 0.534375 0.715625 0.162500 0.156250
0 0.303125 0.707812 0.137500 0.118750
0 0.238281 0.614062 0.126562 0.115625
0 0.174219 0.296875 0.167187 0.171875
0 0.210156 0.476562 0.189062 0.187500
0 0.082812 0.496094 0.143750 0.142187
0 0.155469 0.728906 0.132812 0.120313
0 0.441406 0.740625 0.120313 0.134375
0 0.350000 0.569531 0.128125 0.148438
0 0.046094 0.289844 0.089063 0.154688
0 0.600000 0.785937 0.153125 0.146875
0 0.796094 0.685937 0.160938 0.159375
0 0.907813 0.552344 0.181250 0.170313
0 0.778125 0.345313 0.137500 0.118750
0 0.923438 0.696875 0.137500 0.140625
0 0.032031 0.643750 0.060937 0.171875
0 0.962500 0.376563 0.075000 0.159375
0 0.066406 0.110156 0.129688 0.142187
0 0.132031 0.230469 0.182812 0.198437
0 0.239063 0.330469 0.178125 0.185938
0 0.132031 0.689063 0.160938 0.153125
0 0.344531 0.595313 0.164062 0.165625
0 0.410156 0.296875 0.139063 0.137500
0 0.594531 0.113281 0.154688 0.157812
0 0.592969 0.306250 0.164062 0.153125
0 0.623437 0.477344 0.150000 0.164062
0 0.733594 0.233594 0.151562 0.145313
0 0.739062 0.364844 0.128125 0.123438
0 0.873437 0.311719 0.150000 0.148438
0 0.787500 0.585156 0.159375 0.176563
0 0.653125 0.689063 0.178125 0.162500
0 0.935156 0.708594 0.129688 0.170313
0 0.492969 0.613281 0.148438 0.151562
0 0.952344 0.537500 0.095312 0.171875
0 0.956250 0.190625 0.087500 0.156250
0 0.037500 0.588281 0.071875 0.160938
0 0.434375 0.453906 0.181250 0.176563
0 0.551562 0.468750 0.434375 0.421875
0 0.366406 0.866406 0.214062 0.210938
0 0.488281 0.414844 0.401562 0.379688
0 0.890625 0.437500 0.218750 0.371875
