0 0.439145 0.717928 0.0427632 0.0378289
0 0.40625 0.389803 0.0263158 0.0460526
0 0.88898 0.527961 0.03125 0.0197368
0 0.936678 0.676809 0.0279605 0.0279605
0 0.290296 0.354441 0.0345395 0.0345395
0 0.787829 0.643092 0.0394737 0.0394737
0 0.844572 0.552632 0.0411184 0.0493421
0 0.809211 0.598684 0.0328947 0.0361842
0 0.300987 0.640625 0.0460526 0.0411184
0 0.389803 0.777138 0.0526316 0.0509868
0 0.223684 0.590461 0.0394737 0.0394737
0 0.866776 0.444079 0.0328947 0.0328947
0 0.970395 0.350329 0.0394737 0.0328947
0 0.875 0.506579 0.0394737 0.0427632
0 0.455592 0.8125 0.0361842 0.0526316
0 0.973684 0.430921 0.0296053 0.0361842
0 0.505757 0.537007 0.0411184 0.0345395
0 0.615954 0.463816 0.0411184 0.0361842
0 0.934211 0.740954 0.0328947 0.0444079
0 0.86102 0.464638 0.0378289 0.0411184
0 0.880757 0.416118 0.0411184 0.0394737
0 0.333882 0.825658 0.0328947 0.0361842
0 0.938322 0.814145 0.0411184 0.0394737
0 0.253289 0.59375 0.0361842 0.0230263
0 0.856086 0.560033 0.0246711 0.0345395
0 0.414474 0.508224 0.0427632 0.0394737
0 0.589638 0.583059 0.0345395 0.0444079
0 0.965461 0.563322 0.0427632 0.0411184
0 0.147204 0.679276 0.0345395 0.0460526
0 0.966283 0.421875 0.0444079 0.0444079
0 0.583882 0.512336 0.0526316 0.0411184
0 0.602796 0.439145 0.0345395 0.0296053
0 0.972039 0.633224 0.0394737 0.0427632
0 0.597039 0.809211 0.0427632 0.0526316
0 0.506579 0.787829 0.0394737 0.0394737
0 0.750822 0.703947 0.0509868 0.0592105
0 0.165296 0.542763 0.0411184 0.0427632
0 0.601151 0.339638 0.0542763 0.0378289
0 0.879934 0.757401 0.0361842 0.0476974
0 0.363487 0.532072 0.0394737 0.0411184
0 0.328125 0.588816 0.0411184 0.0460526
0 0.761513 0.508224 0.0394737 0.0493421
0 0.939967 0.788651 0.0444079 0.0411184
0 0.23273 0.4375 0.0509868 0.0394737
0 0.95477 0.611842 0.0345395 0.0361842
0 0.54523 0.524671 0.0378289 0.0460526
0 0.410362 0.711349 0.0378289 0.0378289
0 0.851974 0.735197 0.0394737 0.0427632
0 0.586349 0.400493 0.0378289 0.0476974
0 0.583882 0.689145 0.0296053 0.0361842
0 0.685855 0.490132 0.0427632 0.0493421
0 0.235197 0.472039 0.0394737 0.0526316
0 0.361842 0.671875 0.0394737 0.0378289
0 0.4375 0.366776 0.0427632 0.0394737
0 0.575658 0.60773 0.0427632 0.0411184
0 0.578947 0.530428 0.0460526 0.0411184
0 0.459704 0.565789 0.0444079 0.0328947
0 0.660362 0.583059 0.0345395 0.0378289
0 0.574836 0.761513 0.0378289 0.0361842
0 0.552632 0.727796 0.0263158 0.0246711
0 0.374178 0.341283 0.0378289 0.03125
0 0.629112 0.409539 0.0411184 0.0592105
0 0.780428 0.522204 0.0378289 0.0345395
0 0.254934 0.800164 0.0592105 0.0345395
0 0.370066 0.796053 0.0427632 0.0394737
0 0.365954 0.374178 0.0378289 0.0411184
0 0.444079 0.39227 0.0361842 0.0476974
0 0.912829 0.626645 0.0263158 0.0263158
0 0.216283 0.792763 0.0444079 0.0328947
0 0.409539 0.403783 0.0328947 0.0411184
0 0.748355 0.475329 0.0394737 0.0460526
0 0.262336 0.485197 0.0378289 0.0427632
0 0.899671 0.703947 0.0263158 0.0296053
0 0.435855 0.823191 0.0460526 0.0575658
0 0.149671 0.716283 0.0230263 0.0345395
0 0.73602 0.554276 0.0246711 0.0263158
0 0.428454 0.484375 0.03125 0.0575658
0 0.310855 0.82977 0.0427632 0.03125
0 0.439967 0.647204 0.0411184 0.0279605
0 0.134046 0.506579 0.0279605 0.0164474
0 0.940789 0.762336 0.0394737 0.0378289
0 0.42023 0.690789 0.03125 0.0394737
0 0.17352 0.612664 0.0411184 0.0378289
0 0.903783 0.492599 0.0378289 0.0345395
0 0.652961 0.731086 0.0361842 0.03125
0 0.660362 0.791941 0.0411184 0.0411184
0 0.537829 0.584704 0.0328947 0.0411184
0 0.127467 0.511513 0.0345395 0.0197368
0 0.928454 0.500822 0.0345395 0.0476974
0 0.565789 0.314967 0.0493421 0.0345395
0 0.764803 0.662007 0.0361842 0.0444079
0 0.25 0.439967 0.0296053 0.03125
0 0.241776 0.415296 0.0361842 0.03125
0 0.303454 0.754934 0.0509868 0.0493421
0 0.487664 0.805099 0.03125 0.03125
0 0.580592 0.679276 0.0263158 0.0296053
0 0.481908 0.334704 0.0361842 0.0575658
0 0.918586 0.814145 0.03125 0.0263158
0 0.0707237 0.5 0.0230263 0.0164474
0 0.333059 0.662829 0.0378289 0.0460526
0 0.314145 0.746711 0.0394737 0.0328947
0 0.474507 0.667763 0.0444079 0.0460526
0 0.151316 0.650493 0.0394737 0.0411184
0 0.494243 0.783717 0.0345395 0.0378289
0 0.973684 0.369243 0.0361842 0.0509868
0 0.463816 0.368421 0.0427632 0.0394737
0 0.675987 0.759046 0.0296053 0.0246711
0 0.417763 0.675164 0.0263158 0.0246711
0 0.869243 0.76398 0.0345395 0.0279605
0 0.160362 0.559211 0.0345395 0.0361842
0 0.356908 0.583059 0.0296053 0.0378289
0 0.560855 0.494243 0.0427632 0.0444079
0 0.945724 0.402961 0.0263158 0.0230263
0 0.472862 0.322368 0.0378289 0.0361842
0 0.36102 0.811678 0.0345395 0.0378289
0 0.699836 0.600329 0.0378289 0.0328947
0 0.530428 0.590461 0.0279605 0.0296053
0 0.777138 0.586349 0.0279605 0.0279605
0 0.865954 0.547697 0.03125 0.0263158
0 0.978618 0.73602 0.0328947 0.0345395
0 0.299342 0.775493 0.0394737 0.0509868
0 0.925987 0.783717 0.0328947 0.03125
0 0.459704 0.832237 0.0279605 0.0394737
0 0.527961 0.757401 0.0427632 0.0411184
0 0.587993 0.710526 0.0279605 0.0296053
0 0.36102 0.393914 0.0279605 0.03125
0 0.879934 0.431743 0.0296053 0.0279605
0 0.709704 0.661184 0.0345395 0.0427632
0 0.745888 0.555099 0.03125 0.03125
0 0.981086 0.611842 0.0279605 0.0263158
0 0.263158 0.477796 0.0296053 0.0246711
0 0.796875 0.533717 0.0246711 0.0279605
0 0.737664 0.45148 0.0345395 0.0345395
0 0.938322 0.753289 0.0279605 0.0263158
0 0.479441 0.500822 0.03125 0.0378289
0 0.203125 0.627467 0.0345395 0.0279605
0 0.671053 0.389803 0.0361842 0.0394737
0 0.630757 0.426809 0.0345395 0.0246711
0 0.29852 0.682566 0.0345395 0.0328947
0 0.989309 0.801809 0.0213816 0.03125
0 0.740954 0.641447 0.0345395 0.0263158
0 0.983553 0.51727 0.0296053 0.0345395
0 0.151316 0.708882 0.0361842 0.0394737
0 0.143092 0.666118 0.0328947 0.0296053
0 0.675987 0.416118 0.0263158 0.0296053
0 0.67352 0.789474 0.03125 0.0296053
0 0.681743 0.592928 0.0279605 0.0246711
0 0.674342 0.476974 0.0328947 0.0328947
0 0.17023 0.527961 0.0345395 0.0230263
0 0.944901 0.610197 0.03125 0.0263158
0 0.262336 0.566612 0.03125 0.0279605
0 0.766447 0.519737 0.0296053 0.0296053
0 0.318257 0.580592 0.0279605 0.0263158
0 0.803454 0.60773 0.0279605 0.0246711
0 0.595395 0.430921 0.0296053 0.0427632
0 0.603618 0.366776 0.0296053 0.0263158
0 0.487664 0.594572 0.0476974 0.0509868
0 0.932566 0.651316 0.0328947 0.0394737
0 0.76727 0.620066 0.0345395 0.0296053
0 0.297697 0.498355 0.0328947 0.0263158
0 0.838816 0.490132 0.0296053 0.0230263
0 0.674342 0.675987 0.0328947 0.0427632
0 0.475329 0.564145 0.0296053 0.0296053
0 0.540296 0.621711 0.0378289 0.0361842
0 0.464638 0.753289 0.0345395 0.0361842
0 0.289474 0.634046 0.0361842 0.0411184
0 0.439145 0.407895 0.0394737 0.0296053
0 0.694079 0.535362 0.0328947 0.0279605
0 0.199836 0.553454 0.0345395 0.03125
0 0.496711 0.73602 0.0394737 0.03125
0 0.621711 0.552632 0.0263158 0.0263158
0 0.943257 0.806743 0.0279605 0.0345395
0 0.5 0.692434 0.0427632 0.0394737
0 0.467928 0.495066 0.0279605 0.0263158
0 0.388158 0.512336 0.0328947 0.0345395
0 0.421875 0.320724 0.0279605 0.0296053
0 0.564145 0.475329 0.0328947 0.0296053
0 0.0731908 0.509868 0.0246711 0.0230263
0 0.842928 0.724507 0.0378289 0.0411184
0 0.654605 0.574836 0.0328947 0.0246711
0 0.239309 0.447368 0.0345395 0.0296053
0 0.865954 0.480263 0.0279605 0.0296053
0 0.944079 0.543586 0.0296053 0.0279605
0 0.739309 0.601151 0.0279605 0.0279605
0 0.439967 0.723684 0.0246711 0.0328947
0 0.893914 0.494243 0.0246711 0.0279605
0 0.492599 0.505757 0.03125 0.0345395
0 0.96875 0.361842 0.0394737 0.0263158
0 0.185855 0.699836 0.0328947 0.03125
0 0.689967 0.712171 0.0345395 0.0361842
0 0.346217 0.555921 0.0345395 0.0296053
0 0.810855 0.575658 0.0427632 0.0328947
0 0.972862 0.708059 0.0345395 0.03125
0 0.833059 0.689145 0.0345395 0.0296053
0 0.836349 0.541118 0.0345395 0.0328947
0 0.237664 0.550987 0.0279605 0.0296053
0 0.481908 0.315789 0.0328947 0.0296053
0 0.35773 0.523026 0.03125 0.0263158
0 0.933388 0.455592 0.03125 0.0296053
0 0.909539 0.621711 0.0394737 0.0394737
0 0.980263 0.558388 0.0296053 0.03125
0 0.296053 0.827303 0.0328947 0.0328947
0 0.337993 0.488487 0.03125 0.0296053
0 0.570724 0.599507 0.0263158 0.0345395
0 0.385691 0.788651 0.0345395 0.0279605
0 0.424342 0.616776 0.0361842 0.0328947
0 0.92352 0.722039 0.0345395 0.0394737
0 0.280428 0.596217 0.0444079 0.03125
0 0.411184 0.737664 0.0296053 0.03125
0 0.542763 0.564967 0.0296053 0.0279605
0 0.563322 0.36102 0.03125 0.0279605
0 0.465461 0.462993 0.0296053 0.03125
0 0.849507 0.569901 0.03125 0.0246711
0 0.296053 0.558388 0.0328947 0.0345395
0 0.558388 0.821546 0.0345395 0.0345395
0 0.519737 0.652138 0.0296053 0.0279605
0 0.650493 0.614309 0.0378289 0.0378289
0 0.393092 0.470395 0.0296053 0.0263158
0 0.253289 0.377467 0.0296053 0.03125
0 0.950658 0.776316 0.0296053 0.0296053
0 0.129112 0.63898 0.0345395 0.0279605
0 0.887336 0.737664 0.0411184 0.0345395
0 0.836349 0.601974 0.0378289 0.0328947
0 0.383224 0.435033 0.0296053 0.0279605
0 0.57977 0.789474 0.03125 0.0328947
0 0.324836 0.830592 0.0279605 0.0361842
0 0.601974 0.822368 0.0394737 0.0394737
0 0.655428 0.538651 0.0345395 0.0345395
0 0.211349 0.722039 0.03125 0.0296053
0 0.617599 0.729441 0.0378289 0.0345395
0 0.399671 0.396382 0.0328947 0.0296053
0 0.433388 0.465461 0.03125 0.0296053
0 0.458882 0.612664 0.0296053 0.0345395
0 0.527961 0.364309 0.0328947 0.0279605
0 0.695724 0.564967 0.0263158 0.0279605
0 0.280428 0.733553 0.0444079 0.0361842
0 0.415296 0.703947 0.0246711 0.0263158
0 0.228618 0.477796 0.0361842 0.03125
0 0.439967 0.571546 0.0345395 0.0345395
0 0.717105 0.753289 0.0394737 0.0361842
0 0.841283 0.659539 0.0345395 0.0328947
0 0.213816 0.515625 0.0361842 0.0345395
0 0.212171 0.585526 0.0361842 0.0361842
0 0.511513 0.819079 0.0361842 0.0296053
0 0.971217 0.481908 0.0345395 0.0361842
0 0.950658 0.570724 0.0296053 0.0296053
0 0.962993 0.639803 0.0378289 0.0296053
0 0.648026 0.763158 0.0328947 0.0296053
0 0.88898 0.790296 0.03125 0.0345395
0 0.166941 0.602796 0.0378289 0.03125
0 0.422697 0.768914 0.0328947 0.0345395
0 0.863487 0.412829 0.0263158 0.0296053
0 0.262336 0.816612 0.0444079 0.0378289
0 0.358553 0.447368 0.0296053 0.0296053
0 0.333882 0.714638 0.0361842 0.0411184
0 0.178454 0.736842 0.0345395 0.0328947
0 0.249178 0.633224 0.0411184 0.0361842
0 0.356086 0.755757 0.0378289 0.0345395
0 0.59375 0.331414 0.0361842 0.0345395
0 0.490954 0.402961 0.0411184 0.0394737
0 0.425987 0.508224 0.0328947 0.0328947
0 0.488487 0.537829 0.0328947 0.0296053
0 0.317434 0.473684 0.0296053 0.0296053
0 0.966283 0.67023 0.0378289 0.0378289
0 0.459704 0.527961 0.0345395 0.0328947
0 0.447368 0.794408 0.0361842 0.0361842
0 0.481086 0.65625 0.0378289 0.0394737
0 0.288651 0.76727 0.0378289 0.0345395
0 0.449013 0.372533 0.0296053 0.0345395
0 0.537829 0.676809 0.0296053 0.0378289
0 0.368421 0.621711 0.0296053 0.0263158
0 0.860197 0.621711 0.0296053 0.0296053
0 0.40625 0.638158 0.0296053 0.0263158
0 0.61102 0.609375 0.0345395 0.0345395
0 0.644737 0.799342 0.0296053 0.0296053
0 0.394737 0.821546 0.0328947 0.03125
0 0.566612 0.751645 0.03125 0.0328947
0 0.634868 0.699836 0.0394737 0.03125
0 0.425987 0.832237 0.0361842 0.0394737
0 0.897204 0.572368 0.0444079 0.0328947
0 0.900493 0.461349 0.0345395 0.0279605
0 0.532895 0.790296 0.0296053 0.03125
0 0.935033 0.490132 0.0345395 0.0296053
0 0.726151 0.516447 0.03125 0.0328947
0 0.63898 0.356908 0.0411184 0.0394737
0 0.624178 0.646382 0.03125 0.0328947
0 0.373355 0.666941 0.0328947 0.03125
0 0.715461 0.685033 0.0361842 0.0345395
0 0.874178 0.689967 0.03125 0.03125
0 0.768914 0.650493 0.03125 0.0279605
0 0.213816 0.435033 0.0296053 0.03125
0 0.850329 0.452303 0.0296053 0.0296053
0 0.688322 0.507401 0.0345395 0.03125
0 0.447368 0.328947 0.0361842 0.0361842
0 0.983553 0.771382 0.0296053 0.0328947
0 0.895559 0.385691 0.0378289 0.0279605
0 0.976974 0.413651 0.0263158 0.0246711
0 0.388158 0.716283 0.0296053 0.03125
0 0.513158 0.327303 0.0394737 0.0394737
0 0.612664 0.764803 0.0378289 0.0361842
0 0.623355 0.456414 0.0328947 0.0279605
0 0.759868 0.686678 0.0328947 0.0378289
0 0.241776 0.766447 0.0460526 0.0427632
0 0.287007 0.441612 0.0279605 0.0279605
0 0.702303 0.648849 0.0361842 0.03125
0 0.733553 0.719572 0.0427632 0.0411184
0 0.160362 0.641447 0.0411184 0.0361842
0 0.584704 0.546053 0.0378289 0.0296053
0 0.332237 0.61102 0.0361842 0.0378289
0 0.810033 0.637336 0.0345395 0.03125
0 0.532895 0.534539 0.0296053 0.0296053
0 0.337171 0.679276 0.0296053 0.0296053
0 0.189145 0.5 0.0328947 0.0296053
0 0.245888 0.696546 0.0444079 0.0476974
0 0.265625 0.515625 0.0476974 0.0378289
0 0.610197 0.520559 0.0394737 0.0345395
0 0.711349 0.475329 0.0444079 0.0394737
0 0.592928 0.571546 0.0345395 0.0279605
0 0.323191 0.378289 0.0378289 0.0361842
0 0.534539 0.393092 0.0361842 0.0328947
0 0.912007 0.42023 0.0411184 0.0345395
0 0.286184 0.364309 0.0328947 0.0279605
0 0.5625 0.441612 0.0361842 0.0345395
0 0.216283 0.663651 0.0411184 0.0411184
0 0.589638 0.644737 0.0378289 0.0361842
0 0.449836 0.683388 0.0378289 0.0345395
0 0.199013 0.467105 0.0328947 0.0296053
0 0.754112 0.488487 0.0411184 0.0394737
0 0.625 0.580592 0.0263158 0.0296053
0 0.328125 0.347862 0.0345395 0.0279605
0 0.311678 0.525493 0.03125 0.0345395
0 0.709704 0.612664 0.0345395 0.0378289
0 0.965461 0.837993 0.0361842 0.03125
0 0.287829 0.395559 0.0328947 0.0378289
0 0.710526 0.425987 0.0394737 0.0361842
0 0.519737 0.449836 0.0361842 0.0411184
0 0.425164 0.542763 0.03125 0.0328947
0 0.381579 0.546053 0.0394737 0.0361842
0 0.865132 0.513158 0.0361842 0.0328947
0 0.485197 0.36102 0.0394737 0.0411184
0 0.918586 0.523026 0.0378289 0.0328947
0 0.412829 0.35773 0.0394737 0.0345395
0 0.624178 0.395559 0.0444079 0.0345395
0 0.388158 0.333059 0.0361842 0.0345395
0 0.894737 0.663651 0.0394737 0.0345395
0 0.574836 0.394737 0.0411184 0.0361842
0 0.322368 0.428454 0.0460526 0.0411184
0 0.595395 0.472039 0.0361842 0.0296053
0 0.327303 0.649671 0.0361842 0.0296053
0 0.960526 0.435033 0.0361842 0.03125
0 0.554276 0.323191 0.0361842 0.0378289
0 0.408717 0.578125 0.0345395 0.03125
0 0.560855 0.509046 0.0394737 0.0345395
0 0.986842 0.380757 0.0263158 0.0345395
0 0.306743 0.796875 0.0378289 0.03125
0 0.458882 0.432566 0.0361842 0.0296053
0 0.415296 0.4375 0.0345395 0.0361842
0 0.818257 0.509868 0.03125 0.0296053
