0 0.0851562 0.540625 0.0828125 0.096875
0 0.732031 0.675781 0.114063 0.0984375
0 0.365625 0.258594 0.134375 0.101562
0 0.75625 0.173438 0.103125 0.125
0 0.634375 0.610937 0.06875 0.08125
0 0.141406 0.292969 0.139062 0.101562
0 0.844531 0.252344 0.0890625 0.107813
0 0.43125 0.485938 0.0875 0.071875
0 0.635938 0.121094 0.146875 0.126563
0 0.6375 0.611719 0.096875 0.0828125
0 0.473437 0.0992187 0.084375 0.126563
0 0.576563 0.775 0.09375 0.078125
0 0.734375 0.675781 0.096875 0.114063
0 0.423438 0.491406 0.109375 0.0921875
0 0.407813 0.753125 0.096875 0.08125
0 0.38125 0.396094 0.109375 0.135937
0 0.36875 0.2625 0.13125 0.128125
0 0.510156 0.260156 0.123438 0.0921875
0 0.471875 0.105469 0.115625 0.145313
0 0.192969 0.419531 0.0890625 0.0953125
0 0.432031 0.483594 0.101562 0.0796875
0 0.473437 0.103125 0.128125 0.1125
0 0.19375 0.420312 0.1 0.109375
0 0.551562 0.508594 0.08125 0.0890625
0 0.609375 0.7 0.096875 0.075
0 0.358594 0.258594 0.0953125 0.114063
0 0.202344 0.403906 0.104687 0.107813
0 0.841406 0.647656 0.104687 0.101562
0 0.225781 0.710156 0.117188 0.0953125
0 0.710156 0.338281 0.117188 0.104687
0 0.284375 0.75625 0.103125 0.090625
0 0.84375 0.498437 0.11875 0.1125
0 0.397656 0.775781 0.0828125 0.0953125
0 0.324219 0.148438 0.0953125 0.109375
0 0.282813 0.444531 0.103125 0.101562
0 0.61875 0.603125 0.09375 0.1125
0 0.525781 0.691406 0.126563 0.107813
0 0.496875 0.255469 0.0875 0.117188
0 0.7125 0.338281 0.09375 0.120312
0 0.14375 0.298438 0.115625 0.128125
0 0.501562 0.258594 0.0875 0.104687
0 0.284375 0.445312 0.0875 0.1125
0 0.649219 0.114844 0.142188 0.110937
0 0.327344 0.155469 0.129688 0.114063
0 0.14375 0.627344 0.090625 0.0890625
0 0.2 0.414844 0.109375 0.0953125
0 0.0898438 0.427344 0.132812 0.107813
0 0.327344 0.154687 0.104687 0.13125
0 0.596094 0.375 0.114063 0.10625
0 0.084375 0.414844 0.109375 0.117188
0 0.0953125 0.428906 0.1 0.110937
0 0.5125 0.414062 0.09375 0.096875
0 0.682813 0.430469 0.109375 0.126563
0 0.300781 0.755469 0.114063 0.0953125
0 0.275781 0.616406 0.114063 0.0921875
0 0.317187 0.1375 0.121875 0.121875
0 0.83125 0.499219 0.103125 0.0953125
0 0.209375 0.225781 0.1 0.129688
0 0.435156 0.499219 0.0765625 0.0859375
0 0.219531 0.707812 0.0921875 0.09375
0 0.260156 0.617188 0.0953125 0.1125
0 0.225 0.224219 0.128125 0.117188
0 0.852344 0.641406 0.117188 0.0953125
0 0.357812 0.675781 0.1 0.123438
0 0.402344 0.760156 0.0828125 0.0859375
0 0.482812 0.589063 0.13125 0.084375
0 0.857031 0.653906 0.126563 0.0984375
0 0.398438 0.755469 0.11875 0.0828125
0 0.482812 0.588281 0.1 0.101562
0 0.850781 0.650781 0.0828125 0.101562
0 0.616406 0.611719 0.104687 0.0953125
0 0.621875 0.696094 0.0875 0.0890625
0 0.589844 0.776563 0.0828125 0.096875
0 0.396094 0.760938 0.0796875 0.1
0 0.909375 0.419531 0.103125 0.123438
0 0.499219 0.427344 0.0796875 0.0984375
0 0.634375 0.239844 0.103125 0.117188
0 0.504687 0.424219 0.11875 0.0859375
0 0.607813 0.775781 0.134375 0.101562
0 0.55625 0.509375 0.103125 0.078125
0 0.342187 0.53125 0.090625 0.084375
0 0.396875 0.766406 0.1125 0.0921875
0 0.0914062 0.530469 0.0921875 0.0984375
0 0.835938 0.653125 0.09375 0.103125
0 0.217187 0.69375 0.11875 0.10625
0 0.217969 0.227344 0.107813 0.114063
0 0.428906 0.490625 0.0796875 0.084375
0 0.428125 0.492969 0.075 0.0671875
0 0.719531 0.316406 0.101562 0.0890625
0 0.517969 0.6875 0.107813 0.125
0 0.516406 0.683594 0.135937 0.139062
0 0.713281 0.317187 0.104687 0.103125
0 0.197656 0.528125 0.117188 0.140625
0 0.674219 0.767187 0.0859375 0.109375
0 0.396875 0.767187 0.09375 0.103125
0 0.134375 0.308594 0.109375 0.114063
0 0.74375 0.678125 0.1 0.103125
0 0.514844 0.683594 0.117188 0.101562
0 0.803125 0.75 0.103125 0.075
0 0.292188 0.7625 0.103125 0.084375
0 0.91875 0.427344 0.1 0.110937
0 0.202344 0.538281 0.132812 0.120312
0 0.64375 0.115625 0.1125 0.121875
0 0.835156 0.3625 0.104687 0.1
0 0.492969 0.583594 0.114063 0.0890625
0 0.584375 0.784375 0.096875 0.10625
0 0.367969 0.672656 0.107813 0.0953125
0 0.472656 0.0914062 0.160938 0.139062
0 0.641406 0.103125 0.132812 0.125
0 0.742188 0.664062 0.10625 0.1
0 0.429688 0.495313 0.090625 0.084375
0 0.917969 0.421875 0.0953125 0.09375
0 0.139062 0.614062 0.09375 0.090625
0 0.508594 0.68125 0.101562 0.134375
0 0.629687 0.609375 0.0875 0.1
0 0.66875 0.766406 0.109375 0.0859375
0 0.796094 0.589063 0.0828125 0.096875
0 0.472656 0.0921875 0.123438 0.128125
0 0.496094 0.784375 0.0796875 0.0875
0 0.489062 0.788281 0.090625 0.120312
0 0.358594 0.265625 0.120312 0.096875
0 0.847656 0.654688 0.0953125 0.1125
0 0.09375 0.536719 0.103125 0.110937
0 0.834375 0.495313 0.1125 0.125
0 0.390625 0.392188 0.153125 0.115625
0 0.0898438 0.538281 0.101562 0.0859375
0 0.804688 0.742969 0.115625 0.0859375
0 0.760156 0.167187 0.117188 0.109375
0 0.614062 0.700781 0.08125 0.0796875
0 0.842188 0.238281 0.096875 0.0984375
0 0.559375 0.508594 0.096875 0.0953125
0 0.320312 0.141406 0.140625 0.132812
0 0.611719 0.69375 0.0796875 0.075
0 0.928125 0.529688 0.1 0.121875
0 0.55625 0.517969 0.090625 0.110937
0 0.2625 0.61875 0.103125 0.090625
0 0.210156 0.702344 0.0984375 0.0984375
0 0.849219 0.652344 0.114063 0.114063
0 0.480469 0.583594 0.114063 0.0828125
0 0.483594 0.582812 0.117188 0.125
0 0.642187 0.241406 0.109375 0.0984375
0 0.694531 0.5375 0.104687 0.084375
0 0.554688 0.515625 0.109375 0.10625
0 0.4875 0.7875 0.084375 0.084375
0 0.504687 0.259375 0.109375 0.103125
0 0.194531 0.410937 0.104687 0.1125
0 0.2875 0.755469 0.121875 0.0984375
0 0.644531 0.242188 0.0984375 0.11875
0 0.503906 0.425781 0.117188 0.110937
0 0.491406 0.7875 0.0984375 0.1
0 0.323438 0.146094 0.11875 0.132812
0 0.292188 0.757812 0.096875 0.10625
0 0.790625 0.585156 0.10625 0.101562
0 0.594531 0.367188 0.101562 0.1
0 0.613281 0.692187 0.0953125 0.078125
0 0.129688 0.303906 0.1125 0.139062
0 0.295312 0.446094 0.0875 0.107813
0 0.714063 0.322656 0.115625 0.107813
0 0.213281 0.704687 0.110937 0.109375
0 0.0929687 0.414062 0.123438 0.13125
0 0.640625 0.2375 0.128125 0.1125
0 0.267969 0.345313 0.0953125 0.103125
0 0.80625 0.746875 0.09375 0.090625
0 0.210156 0.221094 0.110937 0.110937
0 0.579687 0.779688 0.08125 0.096875
0 0.507031 0.683594 0.123438 0.123438
0 0.357812 0.261719 0.115625 0.117188
0 0.930469 0.528125 0.123438 0.1125
0 0.33125 0.534375 0.090625 0.0875
0 0.299219 0.760156 0.0953125 0.0953125
0 0.839844 0.24375 0.101562 0.125
0 0.792969 0.582812 0.0921875 0.0875
0 0.364062 0.671094 0.121875 0.110937
0 0.625 0.609375 0.1 0.0875
0 0.332812 0.53125 0.10625 0.1
0 0.755469 0.163281 0.123438 0.135937
0 0.501562 0.428125 0.103125 0.1
0 0.391406 0.3875 0.129688 0.1375
0 0.915625 0.421875 0.115625 0.10625
0 0.599219 0.36875 0.101562 0.121875
0 0.265625 0.34375 0.1125 0.096875
0 0.207813 0.528125 0.128125 0.1125
0 0.691406 0.429688 0.117188 0.103125
0 0.471875 0.090625 0.13125 0.15
0 0.832031 0.357812 0.120312 0.128125
0 0.634375 0.110156 0.125 0.126563
0 0.486719 0.583594 0.126563 0.104687
0 0.840625 0.242188 0.115625 0.109375
0 0.195312 0.410156 0.096875 0.0953125
0 0.696875 0.539844 0.078125 0.0984375
0 0.271875 0.61875 0.1 0.115625
0 0.0921875 0.534375 0.084375 0.084375
0 0.130469 0.301562 0.129688 0.121875
0 0.692187 0.539062 0.096875 0.1
0 0.145313 0.614844 0.103125 0.104687
0 0.594531 0.365625 0.126563 0.115625
0 0.670313 0.764063 0.090625 0.0875
0 0.580469 0.778906 0.0984375 0.0921875
0 0.2125 0.220313 0.128125 0.121875
0 0.292188 0.444531 0.1 0.0921875
0 0.692187 0.535937 0.084375 0.0875
0 0.29375 0.75625 0.09375 0.084375
0 0.553906 0.515625 0.0953125 0.09375
0 0.5 0.261719 0.11875 0.120312
0 0.739844 0.669531 0.120312 0.110937
0 0.832812 0.352344 0.140625 0.126563
0 0.267188 0.614062 0.121875 0.10625
0 0.836719 0.492188 0.120312 0.1
0 0.692187 0.432813 0.103125 0.115625
