0 0.171053 0.523849 0.0263158 0.0246711
0 0.430921 0.508224 0.0296053 0.0394737
0 0.217105 0.791941 0.0296053 0.03125
0 0.129934 0.638158 0.0263158 0.0230263
0 0.587993 0.713816 0.0279605 0.0263158
0 0.150493 0.717105 0.0246711 0.0361842
0 0.760691 0.519737 0.0246711 0.0296053
0 0.403783 0.397204 0.03125 0.0345395
0 0.534539 0.706414 0.0328947 0.0279605
0 0.458882 0.613487 0.0263158 0.0361842
0 0.935033 0.654605 0.0345395 0.0427632
0 0.614309 0.731908 0.0345395 0.0361842
0 0.820724 0.505757 0.0361842 0.0378289
0 0.678454 0.761513 0.0246711 0.0263158
0 0.364309 0.387336 0.0411184 0.0444079
0 0.207237 0.632401 0.0328947 0.0378289
0 0.9375 0.679276 0.0263158 0.0296053
0 0.946546 0.811678 0.03125 0.0378289
0 0.630757 0.433388 0.0345395 0.03125
0 0.685033 0.589638 0.0213816 0.0279605
0 0.470395 0.490954 0.0328947 0.03125
0 0.842105 0.491776 0.0361842 0.0296053
0 0.533717 0.707237 0.0246711 0.0328947
0 0.613487 0.523026 0.0263158 0.0361842
0 0.631579 0.432566 0.0296053 0.0361842
0 0.572368 0.602796 0.0230263 0.03125
0 0.657072 0.73602 0.0378289 0.0345395
0 0.535362 0.622533 0.0279605 0.0345395
0 0.42023 0.324013 0.0279605 0.0361842
0 0.263158 0.560033 0.0296053 0.0345395
0 0.421875 0.4375 0.0509868 0.0361842
0 0.546875 0.567434 0.0279605 0.0328947
0 0.291941 0.765625 0.0411184 0.03125
0 0.332237 0.347862 0.0427632 0.03125
0 0.971217 0.48273 0.0378289 0.0378289
0 0.429276 0.507401 0.0296053 0.0279605
0 0.57977 0.680921 0.0213816 0.0328947
0 0.148849 0.713816 0.03125 0.0361842
0 0.296875 0.561678 0.0378289 0.0411184
0 0.902961 0.703947 0.0296053 0.0263158
0 0.286184 0.635691 0.0328947 0.0411184
0 0.426809 0.82977 0.0411184 0.0345395
0 0.291118 0.76398 0.0394737 0.0444079
0 0.296875 0.831414 0.03125 0.0279605
0 0.486842 0.808388 0.0296053 0.0345395
0 0.577303 0.397204 0.0328947 0.0378289
0 0.251645 0.59375 0.0296053 0.0230263
0 0.581414 0.680099 0.0279605 0.0345395
0 0.975329 0.61102 0.0296053 0.0279605
0 0.467105 0.465461 0.0328947 0.0328947
0 0.494243 0.783717 0.0345395 0.0378289
0 0.564967 0.510691 0.0345395 0.0345395
0 0.147204 0.67023 0.0345395 0.0279605
0 0.42023 0.323191 0.03125 0.03125
0 0.394737 0.477796 0.0296053 0.0476974
0 0.537829 0.622533 0.0328947 0.0378289
0 0.301809 0.685033 0.0279605 0.0345395
0 0.335526 0.350329 0.0427632 0.0328947
0 0.130757 0.511513 0.03125 0.0197368
0 0.861842 0.481908 0.0296053 0.0230263
0 0.801809 0.608553 0.0279605 0.0296053
0 0.76398 0.621711 0.03125 0.0263158
0 0.612664 0.61102 0.0279605 0.0345395
0 0.763158 0.619243 0.0361842 0.03125
0 0.918586 0.810855 0.0246711 0.0296053
0 0.285362 0.729441 0.0378289 0.0476974
0 0.200658 0.555921 0.0394737 0.0328947
0 0.403783 0.396382 0.0246711 0.0296053
0 0.762336 0.521382 0.03125 0.0328947
0 0.546875 0.567434 0.03125 0.0263158
0 0.948191 0.779605 0.0411184 0.0263158
0 0.644737 0.800987 0.0296053 0.0263158
0 0.252467 0.385691 0.03125 0.0378289
0 0.888158 0.527961 0.0263158 0.0230263
0 0.702303 0.425164 0.0427632 0.0345395
0 0.863487 0.485197 0.0296053 0.0328947
0 0.214638 0.662829 0.0378289 0.0328947
0 0.180921 0.73273 0.0361842 0.0345395
0 0.360197 0.809211 0.0361842 0.0394737
0 0.987664 0.808388 0.0246711 0.03125
0 0.890625 0.789474 0.0444079 0.0328947
0 0.806743 0.609375 0.0246711 0.0279605
0 0.381579 0.435033 0.0296053 0.03125
0 0.39227 0.474507 0.0345395 0.0444079
0 0.365132 0.813322 0.0361842 0.0345395
0 0.59375 0.328947 0.0328947 0.0361842
0 0.511513 0.824013 0.0263158 0.0296053
0 0.919408 0.814145 0.0296053 0.0328947
0 0.171875 0.611842 0.0411184 0.0361842
0 0.388158 0.514803 0.0361842 0.0328947
0 0.412007 0.70477 0.0345395 0.0246711
0 0.481908 0.652138 0.0394737 0.0345395
0 0.543586 0.624178 0.0345395 0.0345395
0 0.657072 0.736842 0.03125 0.0361842
0 0.479441 0.313322 0.0444079 0.0378289
0 0.925987 0.719572 0.0361842 0.0345395
0 0.36102 0.523026 0.0345395 0.0296053
0 0.20148 0.558388 0.0345395 0.0411184
0 0.422697 0.323191 0.0230263 0.0345395
0 0.494243 0.40625 0.0444079 0.0427632
0 0.647204 0.800164 0.0345395 0.03125
0 0.587171 0.710526 0.0296053 0.0361842
0 0.363487 0.524671 0.0296053 0.0263158
0 0.628289 0.648849 0.0328947 0.0411184
0 0.928454 0.648849 0.03125 0.0345395
0 0.32977 0.351151 0.0411184 0.0444079
0 0.57648 0.398849 0.0411184 0.0345395
0 0.5625 0.487664 0.0394737 0.0444079
0 0.625822 0.649671 0.0378289 0.0394737
0 0.898849 0.661184 0.0378289 0.0394737
0 0.886513 0.739309 0.0460526 0.0378289
0 0.416941 0.735197 0.03125 0.0328947
0 0.148849 0.710526 0.0246711 0.0361842
0 0.638158 0.703947 0.0328947 0.0328947
0 0.711349 0.616776 0.03125 0.0296053
0 0.254934 0.379112 0.0361842 0.0378289
0 0.635691 0.426809 0.0345395 0.03125
0 0.361842 0.810855 0.0361842 0.0296053
0 0.936678 0.678454 0.0246711 0.0213816
0 0.842928 0.490954 0.0279605 0.03125
0 0.476151 0.322368 0.0345395 0.0296053
0 0.582237 0.681743 0.0263158 0.0411184
0 0.919408 0.810033 0.0296053 0.0279605
0 0.495066 0.504934 0.0328947 0.0427632
0 0.990954 0.804276 0.0148026 0.0328947
0 0.127467 0.510691 0.0246711 0.0180921
0 0.842105 0.487664 0.0263158 0.0279605
0 0.471217 0.462171 0.0411184 0.0361842
0 0.132401 0.509868 0.0246711 0.0164474
0 0.480263 0.653783 0.0328947 0.0378289
0 0.532072 0.591283 0.0279605 0.0345395
0 0.890625 0.794408 0.0279605 0.0394737
0 0.567434 0.314967 0.0625 0.03125
0 0.925987 0.724507 0.0296053 0.03125
0 0.842928 0.488487 0.03125 0.0263158
0 0.53125 0.592105 0.0263158 0.0394737
0 0.285362 0.73273 0.0345395 0.03125
0 0.337993 0.490132 0.03125 0.0263158
0 0.130757 0.641447 0.03125 0.0361842
0 0.800164 0.60773 0.0378289 0.0246711
0 0.428454 0.541941 0.0279605 0.0279605
0 0.296053 0.560855 0.0328947 0.0361842
0 0.412829 0.708059 0.0263158 0.0279605
0 0.563322 0.475329 0.0378289 0.0361842
0 0.895559 0.792763 0.03125 0.0328947
0 0.587993 0.712171 0.0279605 0.0296053
0 0.283717 0.599507 0.0345395 0.0378289
0 0.990954 0.803454 0.0180921 0.0378289
0 0.145559 0.666118 0.0246711 0.0263158
0 0.597039 0.332237 0.0328947 0.0394737
0 0.753289 0.553454 0.0296053 0.03125
0 0.647204 0.79852 0.0345395 0.0246711
0 0.979441 0.737664 0.0378289 0.0345395
0 0.144737 0.663651 0.0263158 0.03125
0 0.370888 0.623355 0.0378289 0.0328947
0 0.426809 0.541118 0.0279605 0.0361842
0 0.36102 0.8125 0.03125 0.0361842
0 0.397204 0.469572 0.0279605 0.0378289
0 0.256579 0.379934 0.0296053 0.0394737
0 0.314145 0.583059 0.0263158 0.0279605
0 0.972039 0.35773 0.0328947 0.0279605
0 0.919408 0.814145 0.0328947 0.0263158
0 0.28125 0.598684 0.0427632 0.0361842
0 0.17023 0.609375 0.0345395 0.0345395
0 0.801809 0.610197 0.0246711 0.0263158
0 0.359375 0.396382 0.03125 0.0328947
0 0.463816 0.832237 0.0328947 0.0328947
0 0.990132 0.803454 0.0197368 0.0279605
0 0.98273 0.51398 0.03125 0.0279605
0 0.90625 0.460526 0.0427632 0.0328947
0 0.707237 0.657072 0.0361842 0.0378289
0 0.67352 0.390625 0.0378289 0.0345395
0 0.971217 0.671053 0.03125 0.0328947
0 0.341283 0.678454 0.0279605 0.0246711
0 0.901316 0.702303 0.0361842 0.0328947
0 0.713816 0.754934 0.0361842 0.0460526
0 0.838816 0.724507 0.0361842 0.0345395
0 0.396382 0.470395 0.0328947 0.0263158
0 0.478618 0.324013 0.0296053 0.0394737
0 0.962993 0.67023 0.0345395 0.0345395
0 0.837171 0.602796 0.0296053 0.0345395
0 0.946546 0.546053 0.0279605 0.0328947
0 0.838816 0.602796 0.0296053 0.0279605
0 0.362664 0.444079 0.0378289 0.0328947
0 0.538651 0.708059 0.0378289 0.03125
0 0.627467 0.650493 0.0246711 0.0378289
0 0.32648 0.473684 0.0378289 0.0328947
0 0.934211 0.653783 0.0296053 0.0411184
0 0.837171 0.689145 0.0328947 0.0296053
0 0.837993 0.726151 0.0345395 0.0411184
0 0.603618 0.367599 0.0328947 0.0345395
0 0.985197 0.805099 0.0296053 0.0378289
0 0.909539 0.620066 0.0460526 0.0427632
0 0.944901 0.543586 0.0345395 0.0345395
0 0.479441 0.499178 0.0378289 0.03125
0 0.967105 0.639803 0.0328947 0.0328947
0 0.944901 0.540296 0.0345395 0.0279605
0 0.336349 0.713816 0.0411184 0.0361842
0 0.402138 0.393914 0.0345395 0.03125
0 0.863487 0.51398 0.0361842 0.03125
0 0.478618 0.5 0.0328947 0.0361842
0 0.897204 0.666941 0.0378289 0.0345395
0 0.553454 0.323191 0.0444079 0.03125
0 0.570724 0.597862 0.0263158 0.0345395
0 0.306743 0.796875 0.0345395 0.0444079
0 0.989309 0.805099 0.0213816 0.0444079
0 0.239309 0.444079 0.03125 0.0263158
0 0.743421 0.602796 0.0263158 0.0345395
0 0.773849 0.585526 0.0345395 0.0296053
0 0.321546 0.380757 0.03125 0.0345395
0 0.989309 0.805099 0.0148026 0.0345395
0 0.930099 0.45148 0.03125 0.0345395
0 0.709704 0.661184 0.03125 0.0394737
0 0.354441 0.754934 0.0345395 0.0427632
0 0.538651 0.678454 0.03125 0.0279605
0 0.910362 0.462171 0.0345395 0.0328947
0 0.537007 0.708059 0.03125 0.0345395
0 0.946546 0.546053 0.0279605 0.0263158
0 0.486842 0.805921 0.0296053 0.0263158
0 0.321546 0.382401 0.0378289 0.0444079
0 0.345395 0.5625 0.0361842 0.0394737
0 0.918586 0.813322 0.0279605 0.0246711
0 0.301809 0.686678 0.0345395 0.0378289
0 0.740132 0.45148 0.0361842 0.0345395
0 0.725329 0.514803 0.0263158 0.0230263
0 0.914474 0.622533 0.0427632 0.0411184
0 0.440789 0.407895 0.0394737 0.0394737
0 0.98273 0.560855 0.0345395 0.0394737
0 0.365954 0.444901 0.03125 0.0345395
0 0.746711 0.553454 0.0394737 0.0378289
0 0.710526 0.615954 0.0328947 0.0378289
0 0.495066 0.509046 0.0296053 0.0345395
0 0.981908 0.514803 0.0230263 0.0328947
0 0.285362 0.601974 0.0378289 0.0427632
0 0.912829 0.618421 0.0328947 0.0427632
0 0.697368 0.536184 0.0296053 0.0460526
0 0.912007 0.624178 0.03125 0.0378289
0 0.17023 0.601974 0.0345395 0.0394737
0 0.873355 0.693257 0.0296053 0.0279605
0 0.414474 0.736842 0.0263158 0.0296053
0 0.339638 0.677632 0.03125 0.0296053
0 0.752467 0.552632 0.0378289 0.0296053
0 0.897204 0.495066 0.0279605 0.0230263
0 0.625 0.648849 0.0263158 0.0411184
0 0.587171 0.710526 0.0230263 0.0328947
0 0.0756579 0.506579 0.0263158 0.0164474
0 0.296875 0.552632 0.0345395 0.0394737
0 0.384868 0.54852 0.0361842 0.0345395
0 0.241776 0.762336 0.0394737 0.0476974
0 0.71875 0.755757 0.0427632 0.0444079
0 0.71875 0.754934 0.0361842 0.0460526
0 0.4375 0.571546 0.0394737 0.0378289
0 0.965461 0.435033 0.0328947 0.0279605
0 0.263158 0.516447 0.0361842 0.0427632
0 0.341283 0.676809 0.0279605 0.03125
0 0.464638 0.497533 0.0213816 0.0279605
0 0.606086 0.365954 0.0345395 0.0279605
0 0.897204 0.496711 0.0246711 0.0361842
0 0.5625 0.314967 0.0526316 0.0378289
0 0.678454 0.761513 0.03125 0.0263158
0 0.345395 0.487664 0.0394737 0.0345395
0 0.212993 0.586349 0.0345395 0.0378289
0 0.671053 0.786184 0.0328947 0.0328947
0 0.898849 0.385691 0.0378289 0.0345395
0 0.212171 0.435855 0.0394737 0.0263158
0 0.989309 0.800987 0.0213816 0.0328947
0 0.924342 0.723684 0.0361842 0.0328947
0 0.328125 0.350329 0.0345395 0.0460526
0 0.314145 0.584704 0.0230263 0.0279605
0 0.148849 0.713816 0.0378289 0.0328947
0 0.520559 0.654605 0.0279605 0.0361842
0 0.864309 0.407895 0.0378289 0.0230263
0 0.422697 0.622533 0.0328947 0.0411184
0 0.606086 0.365132 0.0279605 0.0328947
0 0.837171 0.726974 0.0361842 0.0328947
0 0.3125 0.582237 0.0328947 0.0296053
0 0.973684 0.712171 0.0296053 0.0328947
0 0.462171 0.495888 0.0328947 0.03125
0 0.738487 0.644737 0.0328947 0.0394737
0 0.856908 0.620066 0.0263158 0.0263158
0 0.236842 0.443257 0.0427632 0.03125
0 0.461349 0.831414 0.0345395 0.0279605
0 0.672697 0.672697 0.0328947 0.0361842
0 0.371711 0.620888 0.0361842 0.03125
0 0.745888 0.554276 0.0411184 0.0263158
0 0.796053 0.537007 0.0263158 0.0246711
0 0.847039 0.603618 0.0361842 0.0328947
0 0.847862 0.601974 0.0345395 0.0394737
0 0.530428 0.763158 0.0345395 0.0460526
0 0.467928 0.496711 0.0279605 0.0296053
0 0.212993 0.51727 0.0378289 0.03125
0 0.676809 0.759868 0.0279605 0.0230263
0 0.150493 0.712993 0.0279605 0.03125
0 0.219572 0.51398 0.0378289 0.0345395
0 0.837171 0.490132 0.0263158 0.0263158
0 0.910362 0.623355 0.0345395 0.0328947
0 0.837171 0.493421 0.0230263 0.0263158
0 0.671875 0.787007 0.03125 0.0279605
0 0.601151 0.368421 0.0279605 0.0296053
0 0.535362 0.390625 0.0378289 0.0378289
0 0.355263 0.582237 0.0328947 0.0296053
0 0.900493 0.702303 0.03125 0.0296053
0 0.96875 0.711349 0.0328947 0.0411184
0 0.596217 0.473684 0.0246711 0.0296053
0 0.353618 0.759046 0.0328947 0.03125
0 0.899671 0.572368 0.0394737 0.0328947
0 0.988487 0.806743 0.0230263 0.0279605
0 0.936678 0.755757 0.03125 0.0246711
0 0.0731908 0.508224 0.0213816 0.0230263
0 0.881579 0.434211 0.0230263 0.0296053
0 0.970395 0.672697 0.0328947 0.0394737
0 0.519737 0.65625 0.0328947 0.0328947
0 0.478618 0.564145 0.0296053 0.0230263
0 0.288651 0.362664 0.03125 0.03125
0 0.856908 0.622533 0.0296053 0.03125
0 0.595395 0.335526 0.0296053 0.0394737
0 0.529605 0.366776 0.0361842 0.0296053
0 0.522204 0.652961 0.0279605 0.0296053
0 0.151316 0.708059 0.0263158 0.0345395
0 0.870066 0.478618 0.0230263 0.0263158
0 0.45148 0.684211 0.0345395 0.0328947
0 0.431743 0.832237 0.0378289 0.0328947
0 0.924342 0.784539 0.0263158 0.0263158
0 0.131579 0.63898 0.0230263 0.0345395
0 0.320724 0.425987 0.0328947 0.0394737
0 0.869243 0.476974 0.0246711 0.0296053
0 0.296875 0.773026 0.0345395 0.0460526
0 0.371711 0.617599 0.0328947 0.03125
0 0.356908 0.583059 0.0328947 0.0378289
0 0.901316 0.703947 0.0230263 0.0263158
0 0.886513 0.73602 0.0328947 0.0378289
0 0.694079 0.564967 0.0296053 0.0279605
0 0.220395 0.512336 0.0328947 0.03125
0 0.595395 0.473684 0.0427632 0.0394737
0 0.162829 0.606086 0.0361842 0.03125
0 0.894737 0.498355 0.0263158 0.0328947
0 0.478618 0.563322 0.0263158 0.03125
0 0.695724 0.5625 0.0263158 0.0328947
0 0.586349 0.547697 0.03125 0.0328947
0 0.132401 0.63898 0.03125 0.0246711
0 0.674342 0.477796 0.0361842 0.03125
0 0.644737 0.362664 0.0427632 0.0411184
0 0.538651 0.679276 0.03125 0.0328947
0 0.301809 0.685033 0.03125 0.03125
0 0.842105 0.729441 0.0328947 0.0378289
0 0.324013 0.434211 0.0493421 0.0427632
0 0.319079 0.749178 0.0328947 0.0378289
0 0.596217 0.472039 0.0279605 0.0263158
0 0.852796 0.450658 0.0246711 0.0263158
0 0.164474 0.608553 0.0328947 0.0328947
0 0.262336 0.481086 0.0279605 0.0246711
0 0.359375 0.444079 0.03125 0.0328947
0 0.359375 0.443257 0.0279605 0.0279605
0 0.522204 0.655428 0.03125 0.0378289
0 0.947368 0.402961 0.0296053 0.0296053
0 0.344572 0.486842 0.0378289 0.0296053
0 0.851151 0.453947 0.0345395 0.0296053
0 0.979441 0.410362 0.0246711 0.0246711
0 0.935033 0.453125 0.0279605 0.0345395
0 0.434211 0.327303 0.0394737 0.0328947
0 0.314145 0.750822 0.0427632 0.0345395
0 0.972039 0.360197 0.0328947 0.0296053
0 0.212171 0.719572 0.0296053 0.0378289
0 0.422697 0.623355 0.0328947 0.0328947
0 0.359375 0.444079 0.0246711 0.0361842
0 0.652961 0.733553 0.0394737 0.0328947
0 0.324013 0.426809 0.0460526 0.0345395
0 0.202303 0.550987 0.0328947 0.0263158
0 0.431743 0.32648 0.0345395 0.03125
0 0.813322 0.574836 0.0345395 0.0378289
0 0.521382 0.649671 0.0296053 0.0296053
0 0.651316 0.613487 0.0328947 0.0361842
0 0.216283 0.719572 0.0279605 0.03125
0 0.226151 0.479441 0.0345395 0.03125
0 0.449013 0.327303 0.0427632 0.0394737
0 0.436678 0.407072 0.0279605 0.0378289
0 0.643092 0.359375 0.0328947 0.0411184
0 0.799342 0.533717 0.0263158 0.0213816
0 0.151316 0.710526 0.0328947 0.0361842
0 0.361842 0.816612 0.0328947 0.0279605
0 0.977796 0.410362 0.0213816 0.03125
0 0.685033 0.590461 0.0279605 0.0263158
0 0.220395 0.435855 0.0328947 0.0328947
0 0.841283 0.728618 0.0378289 0.0328947
0 0.361842 0.393914 0.0296053 0.03125
0 0.369243 0.623355 0.03125 0.0361842
0 0.263158 0.563322 0.0263158 0.0279605
0 0.939145 0.754934 0.0296053 0.0230263
0 0.973684 0.710526 0.0328947 0.0394737
0 0.587171 0.646382 0.0394737 0.0460526
0 0.980263 0.610197 0.0296053 0.0328947
0 0.535362 0.788651 0.03125 0.0345395
0 0.978618 0.518092 0.0296053 0.0296053
0 0.324836 0.431743 0.0378289 0.0444079
0 0.447368 0.324836 0.0328947 0.0378289
0 0.872533 0.763158 0.0378289 0.0296053
0 0.361842 0.817434 0.0328947 0.0361842
0 0.268914 0.816612 0.0378289 0.0378289
0 0.599507 0.432566 0.0279605 0.0296053
0 0.361842 0.393914 0.0361842 0.0378289
0 0.17352 0.527138 0.0279605 0.0246711
0 0.768092 0.522204 0.0230263 0.0279605
0 0.523849 0.651316 0.0279605 0.0361842
0 0.241776 0.549342 0.0296053 0.0296053
0 0.417763 0.672697 0.0230263 0.0296053
0 0.487664 0.592105 0.0378289 0.0361842
0 0.712993 0.684211 0.03125 0.0361842
0 0.492599 0.508224 0.0378289 0.0394737
0 0.891447 0.791941 0.0328947 0.03125
0 0.419408 0.320724 0.0296053 0.0296053
0 0.872533 0.763158 0.03125 0.0328947
0 0.4375 0.405428 0.0361842 0.0411184
0 0.952303 0.776316 0.0263158 0.0263158
0 0.131579 0.638158 0.0394737 0.0328947
0 0.592105 0.472039 0.0361842 0.0361842
0 0.463816 0.528783 0.0361842 0.0345395
0 0.945724 0.402961 0.0263158 0.0230263
0 0.285362 0.734375 0.0411184 0.0378289
0 0.250822 0.379112 0.03125 0.0279605
0 0.419408 0.674342 0.0296053 0.0296053
0 0.736842 0.452303 0.0328947 0.0394737
0 0.745066 0.553454 0.0361842 0.03125
0 0.199013 0.555921 0.0263158 0.0328947
0 0.741776 0.602796 0.0296053 0.03125
0 0.287829 0.63898 0.0427632 0.0411184
0 0.42023 0.321546 0.0246711 0.0378289
0 0.850329 0.450658 0.0394737 0.0296053
0 0.203947 0.626645 0.0361842 0.0296053
0 0.144737 0.667763 0.0296053 0.0361842
0 0.599507 0.431743 0.0345395 0.03125
0 0.946546 0.402138 0.0246711 0.0279605
0 0.206414 0.625822 0.03125 0.0345395
0 0.838816 0.657895 0.0427632 0.0427632
0 0.978618 0.737664 0.0328947 0.03125
0 0.490132 0.592105 0.0427632 0.0427632
0 0.925164 0.784539 0.03125 0.0230263
0 0.774671 0.585526 0.0263158 0.0296053
0 0.459704 0.833059 0.0246711 0.03125
0 0.240132 0.551809 0.0328947 0.03125
0 0.568257 0.601151 0.0279605 0.0345395
0 0.321546 0.380757 0.0411184 0.0345395
0 0.868421 0.411184 0.0296053 0.0296053
0 0.416941 0.674342 0.0279605 0.0263158
0 0.356908 0.446546 0.0328947 0.0378289
0 0.532895 0.789474 0.0296053 0.0328947
0 0.969572 0.837171 0.03125 0.0328947
0 0.242599 0.552632 0.0279605 0.0296053
0 0.945724 0.608553 0.0296053 0.0263158
0 0.737664 0.64227 0.0345395 0.03125
0 0.947368 0.608553 0.0296053 0.0361842
0 0.435855 0.464638 0.0328947 0.03125
0 0.231086 0.477796 0.0378289 0.03125
0 0.519737 0.652961 0.0328947 0.0328947
0 0.131579 0.63898 0.0263158 0.0279605
0 0.487664 0.594572 0.0411184 0.0476974
0 0.476974 0.563322 0.0296053 0.0246711
0 0.241776 0.552632 0.0328947 0.0263158
0 0.969572 0.359375 0.0345395 0.0345395
0 0.144737 0.666941 0.0328947 0.0279605
0 0.967105 0.432566 0.0328947 0.0296053
0 0.199013 0.466283 0.0394737 0.0246711
0 0.776316 0.584704 0.0296053 0.0345395
0 0.39227 0.71875 0.0279605 0.0361842
0 0.314145 0.748355 0.0328947 0.0394737
0 0.851974 0.453947 0.0230263 0.0263158
0 0.981908 0.518914 0.0263158 0.03125
0 0.867599 0.514803 0.0345395 0.0328947
0 0.805921 0.60773 0.0296053 0.03125
0 0.26398 0.478618 0.0279605 0.0263158
0 0.983553 0.773026 0.0263158 0.0328947
0 0.809211 0.574013 0.0296053 0.0361842
0 0.21875 0.435033 0.0296053 0.0279605
0 0.977796 0.411184 0.0279605 0.0263158
0 0.870888 0.76398 0.03125 0.0279605
0 0.840461 0.489309 0.0328947 0.0246711
0 0.841283 0.659539 0.03125 0.0394737
0 0.162007 0.639803 0.0345395 0.0328947
0 0.740132 0.644737 0.0296053 0.0296053
0 0.636513 0.700658 0.0296053 0.0328947
0 0.867599 0.514803 0.03125 0.0296053
0 0.424342 0.615132 0.0296053 0.0296053
0 0.944079 0.806743 0.0328947 0.03125
0 0.972862 0.48273 0.0345395 0.0279605
0 0.425164 0.546053 0.03125 0.0263158
0 0.388158 0.787829 0.0394737 0.0361842
0 0.528783 0.758224 0.03125 0.0361842
0 0.765625 0.521382 0.0246711 0.0328947
0 0.738487 0.601974 0.0296053 0.0296053
0 0.737664 0.45148 0.0345395 0.03125
0 0.313322 0.748355 0.0378289 0.0296053
0 0.172697 0.528783 0.0328947 0.0279605
0 0.370888 0.669408 0.0345395 0.0328947
0 0.675164 0.419408 0.0279605 0.0230263
0 0.675164 0.38898 0.03125 0.0345395
0 0.865954 0.480263 0.0279605 0.0263158
0 0.566612 0.365132 0.0345395 0.0296053
0 0.294408 0.82977 0.0263158 0.0378289
0 0.4375 0.569901 0.0394737 0.03125
0 0.981908 0.518092 0.0328947 0.0328947
0 0.604441 0.817434 0.03125 0.0296053
0 0.309211 0.79523 0.0328947 0.03125
0 0.686678 0.712993 0.03125 0.0378289
0 0.432566 0.469572 0.0328947 0.0279605
0 0.841283 0.543586 0.0345395 0.03125
0 0.866776 0.547697 0.0230263 0.0263158
0 0.29852 0.558388 0.03125 0.03125
0 0.527138 0.759046 0.0378289 0.0411184
0 0.777138 0.585526 0.0279605 0.0296053
0 0.435855 0.467105 0.0296053 0.0263158
0 0.245066 0.692434 0.0559211 0.0526316
0 0.675164 0.787829 0.0345395 0.0296053
0 0.495888 0.73602 0.0378289 0.0345395
0 0.594572 0.330592 0.0444079 0.0460526
0 0.185855 0.697368 0.0296053 0.0296053
0 0.9375 0.754112 0.0328947 0.03125
0 0.541118 0.621711 0.0361842 0.0328947
0 0.984375 0.772204 0.0279605 0.0279605
0 0.868421 0.54852 0.0230263 0.0279605
0 0.689967 0.510691 0.03125 0.0378289
0 0.8125 0.57648 0.0328947 0.03125
0 0.17023 0.527961 0.03125 0.0230263
0 0.546053 0.566612 0.0361842 0.03125
0 0.511513 0.821546 0.0263158 0.03125
0 0.262336 0.563322 0.0279605 0.03125
0 0.67352 0.476151 0.03125 0.0345395
0 0.804276 0.60773 0.0263158 0.0246711
0 0.318257 0.57977 0.0279605 0.0279605
0 0.462171 0.832237 0.0296053 0.0361842
0 0.797697 0.535362 0.0263158 0.0246711
0 0.925987 0.783717 0.0328947 0.0279605
0 0.674342 0.38898 0.0328947 0.0279605
0 0.682566 0.592105 0.0263158 0.0263158
0 0.836349 0.6875 0.0345395 0.0296053
0 0.358553 0.525493 0.0296053 0.03125
0 0.460526 0.527961 0.0361842 0.0263158
0 0.9375 0.753289 0.0263158 0.0263158
0 0.96875 0.481908 0.0328947 0.0328947
0 0.739309 0.601151 0.0246711 0.0279605
0 0.950658 0.776316 0.0328947 0.0296053
0 0.425987 0.615132 0.0328947 0.0361842
0 0.291118 0.636513 0.0394737 0.0361842
0 0.358553 0.523026 0.0263158 0.0296053
0 0.42023 0.770559 0.03125 0.03125
0 0.29523 0.828947 0.0279605 0.0296053
0 0.32648 0.831414 0.0345395 0.0279605
0 0.469572 0.494243 0.0279605 0.03125
0 0.741776 0.641447 0.0328947 0.0361842
0 0.263158 0.566612 0.0296053 0.0279605
0 0.867599 0.481086 0.03125 0.03125
0 0.839638 0.489309 0.0279605 0.0246711
0 0.393914 0.470395 0.0246711 0.0296053
0 0.98602 0.380757 0.0279605 0.03125
0 0.596217 0.434211 0.0279605 0.0328947
0 0.213816 0.587171 0.0394737 0.0328947
0 0.985197 0.382401 0.0296053 0.03125
0 0.716283 0.684211 0.0345395 0.0394737
0 0.672697 0.676809 0.0361842 0.0378289
0 0.387336 0.785362 0.0345395 0.0345395
0 0.465461 0.754112 0.0296053 0.0378289
0 0.614309 0.610197 0.0345395 0.0361842
0 0.771382 0.651316 0.0296053 0.0328947
0 0.726151 0.515625 0.0213816 0.03125
0 0.543586 0.568257 0.03125 0.0345395
0 0.766447 0.519737 0.0296053 0.0296053
0 0.643914 0.359375 0.0378289 0.0345395
0 0.416941 0.70148 0.0246711 0.03125
0 0.842105 0.724507 0.0328947 0.0378289
0 0.67023 0.38898 0.0378289 0.0345395
0 0.46875 0.494243 0.0263158 0.0279605
0 0.492599 0.504934 0.0279605 0.0296053
0 0.822368 0.512336 0.0296053 0.03125
0 0.35773 0.446546 0.0279605 0.0345395
0 0.475329 0.563322 0.0328947 0.03125
0 0.625822 0.396382 0.0378289 0.0328947
0 0.413651 0.578947 0.0345395 0.0328947
0 0.580592 0.790296 0.0296053 0.03125
0 0.417763 0.702303 0.0296053 0.0263158
0 0.597039 0.432566 0.0361842 0.0296053
0 0.385691 0.788651 0.0345395 0.0279605
0 0.865954 0.54852 0.0279605 0.0246711
0 0.241776 0.699013 0.0493421 0.0427632
0 0.42352 0.615954 0.0345395 0.0411184
0 0.239309 0.550164 0.0279605 0.0246711
0 0.622533 0.552632 0.0246711 0.0296053
0 0.564967 0.475329 0.03125 0.0296053
0 0.422697 0.322368 0.0263158 0.0263158
0 0.674342 0.675987 0.0328947 0.0427632
0 0.384046 0.434211 0.0246711 0.0263158
0 0.631579 0.427632 0.0296053 0.0230263
0 0.605263 0.366776 0.0296053 0.0296053
0 0.810855 0.575658 0.0361842 0.0328947
0 0.936678 0.490954 0.03125 0.0345395
0 0.597039 0.32977 0.0361842 0.0411184
0 0.0756579 0.508224 0.0230263 0.0197368
0 0.810033 0.640625 0.03125 0.03125
0 0.675987 0.416941 0.0296053 0.0279605
0 0.462171 0.434211 0.0296053 0.0394737
0 0.0740132 0.506579 0.0230263 0.0164474
0 0.740954 0.641447 0.03125 0.0296053
0 0.417763 0.703947 0.0296053 0.0328947
0 0.375822 0.666941 0.03125 0.0279605
0 0.38898 0.512336 0.03125 0.0378289
0 0.297697 0.82648 0.0263158 0.0345395
0 0.465461 0.750822 0.0328947 0.0378289
0 0.634046 0.426809 0.03125 0.0345395
0 0.708882 0.612664 0.0328947 0.03125
0 0.487664 0.405428 0.03125 0.0411184
0 0.381579 0.543586 0.0328947 0.0345395
0 0.883224 0.432566 0.0230263 0.0328947
0 0.412007 0.737664 0.0279605 0.0279605
0 0.972039 0.708059 0.0263158 0.03125
0 0.623355 0.550987 0.0296053 0.0296053
0 0.95148 0.775493 0.0279605 0.0279605
0 0.647204 0.799342 0.0246711 0.0328947
0 0.534539 0.535362 0.0263158 0.0345395
0 0.979441 0.61102 0.0279605 0.0279605
0 0.481086 0.317434 0.0345395 0.0296053
0 0.895559 0.495066 0.0279605 0.0328947
0 0.597862 0.330592 0.0411184 0.0361842
0 0.643092 0.356908 0.0394737 0.0460526
0 0.76727 0.620066 0.03125 0.0296053
0 0.983553 0.772204 0.0328947 0.0345395
0 0.444901 0.32648 0.0345395 0.03125
0 0.637336 0.358553 0.03125 0.0361842
0 0.572368 0.599507 0.0263158 0.0345395
0 0.569901 0.753289 0.0345395 0.0361842
0 0.288651 0.634046 0.0345395 0.0378289
0 0.640625 0.355263 0.0345395 0.0361842
0 0.389803 0.512336 0.0361842 0.0345395
0 0.253289 0.378289 0.0296053 0.0296053
0 0.439145 0.722862 0.0328947 0.03125
0 0.71875 0.685855 0.0394737 0.0361842
0 0.889803 0.790296 0.0328947 0.0279605
0 0.169408 0.602796 0.0328947 0.0279605
0 0.836349 0.543586 0.0345395 0.0378289
0 0.490132 0.537007 0.0296053 0.0279605
0 0.480263 0.319901 0.0296053 0.0279605
0 0.5 0.693257 0.0394737 0.0411184
0 0.474507 0.564145 0.0279605 0.0263158
0 0.511513 0.822368 0.0328947 0.0328947
0 0.604441 0.818257 0.0444079 0.0279605
0 0.944079 0.544408 0.0296053 0.0263158
0 0.493421 0.506579 0.0328947 0.0328947
0 0.540296 0.678454 0.0246711 0.03125
0 0.353618 0.755757 0.0394737 0.0378289
0 0.837993 0.599507 0.0345395 0.0246711
0 0.212993 0.717928 0.0279605 0.0246711
0 0.962993 0.639803 0.0444079 0.0361842
0 0.483553 0.316612 0.0328947 0.03125
0 0.92352 0.723684 0.0411184 0.0361842
0 0.850329 0.568257 0.0263158 0.0279605
0 0.515625 0.327303 0.0378289 0.0328947
0 0.895559 0.494243 0.0246711 0.0279605
0 0.324836 0.830592 0.0246711 0.0296053
0 0.597862 0.431743 0.03125 0.0378289
0 0.320724 0.472039 0.0328947 0.0263158
0 0.35773 0.523026 0.0279605 0.0263158
0 0.655428 0.575658 0.0279605 0.0328947
0 0.509046 0.819901 0.03125 0.0345395
0 0.481086 0.316612 0.0279605 0.0279605
0 0.459704 0.527961 0.03125 0.0296053
0 0.570724 0.751645 0.0296053 0.0427632
0 0.481086 0.317434 0.0279605 0.0361842
0 0.538651 0.674342 0.03125 0.0296053
0 0.833882 0.689145 0.0296053 0.0263158
0 0.385691 0.432566 0.0246711 0.0328947
0 0.534539 0.393914 0.0328947 0.0411184
0 0.483553 0.654605 0.0394737 0.0361842
0 0.67352 0.789474 0.0279605 0.0296053
0 0.299342 0.682566 0.0328947 0.0328947
0 0.384868 0.434211 0.0296053 0.0296053
0 0.0748355 0.506579 0.0180921 0.0230263
0 0.96875 0.36102 0.0328947 0.0279605
0 0.296875 0.82648 0.0246711 0.0279605
0 0.881579 0.433388 0.0296053 0.0279605
0 0.213816 0.516447 0.0296053 0.0296053
0 0.697368 0.564967 0.0263158 0.0279605
0 0.944901 0.54523 0.0246711 0.03125
0 0.65625 0.575658 0.0296053 0.0263158
0 0.564145 0.363487 0.0328947 0.0328947
0 0.650493 0.614309 0.0378289 0.0378289
0 0.1875 0.502467 0.0361842 0.0345395
0 0.45148 0.372533 0.0279605 0.03125
0 0.625822 0.646382 0.03125 0.0361842
0 0.434211 0.467105 0.0361842 0.0296053
0 0.643914 0.800164 0.0279605 0.03125
0 0.485197 0.359375 0.0427632 0.0378289
0 0.556743 0.323191 0.0345395 0.0444079
0 0.633224 0.426809 0.0328947 0.0279605
0 0.375 0.667763 0.0296053 0.0361842
0 0.887336 0.736842 0.0378289 0.0328947
0 0.986842 0.380757 0.0263158 0.0378289
0 0.444901 0.327303 0.0411184 0.0361842
0 0.4375 0.408717 0.0394737 0.0444079
0 0.296053 0.82648 0.0361842 0.03125
0 0.558388 0.822368 0.0345395 0.0328947
0 0.811678 0.636513 0.0345395 0.0328947
0 0.851151 0.567434 0.03125 0.0263158
0 0.421053 0.768914 0.0263158 0.03125
0 0.439145 0.407072 0.0394737 0.03125
0 0.647204 0.763158 0.0279605 0.0328947
0 0.215461 0.516447 0.0263158 0.0328947
0 0.759868 0.686678 0.0361842 0.0444079
0 0.970395 0.669408 0.0361842 0.0296053
0 0.425987 0.618421 0.0296053 0.0328947
0 0.898849 0.385691 0.0345395 0.0279605
0 0.434211 0.467105 0.0296053 0.0328947
0 0.519737 0.652138 0.0296053 0.0279605
0 0.511513 0.819079 0.0263158 0.0263158
0 0.909539 0.620066 0.0361842 0.0394737
0 0.316612 0.473684 0.0345395 0.0263158
0 0.427632 0.505757 0.0394737 0.03125
0 0.282072 0.596217 0.0378289 0.03125
0 0.71875 0.752467 0.0361842 0.0378289
0 0.199836 0.554276 0.0345395 0.0328947
0 0.416118 0.703947 0.0263158 0.0263158
0 0.529605 0.365132 0.0328947 0.0296053
0 0.611842 0.520559 0.0296053 0.0345395
0 0.297697 0.496711 0.0296053 0.0296053
0 0.623355 0.647204 0.0263158 0.0378289
0 0.860197 0.620888 0.0230263 0.0345395
0 0.924342 0.722862 0.0328947 0.0411184
0 0.370888 0.621711 0.0279605 0.0328947
0 0.930921 0.650493 0.0296053 0.03125
0 0.1875 0.502467 0.0328947 0.0279605
0 0.197368 0.467105 0.0361842 0.0361842
0 0.837171 0.599507 0.0394737 0.0378289
0 0.448191 0.372533 0.0246711 0.03125
0 0.334704 0.716283 0.0378289 0.0378289
0 0.412007 0.578947 0.0246711 0.0361842
0 0.564967 0.36102 0.03125 0.0279605
0 0.696546 0.566612 0.0279605 0.03125
0 0.327303 0.349507 0.0296053 0.0279605
0 0.178454 0.736842 0.0411184 0.0361842
0 0.708882 0.427632 0.0361842 0.0394737
0 0.412007 0.737664 0.03125 0.03125
0 0.490132 0.539474 0.0361842 0.0328947
0 0.497533 0.73602 0.0378289 0.03125
0 0.214638 0.434211 0.0279605 0.0296053
0 0.321546 0.377467 0.0345395 0.0411184
0 0.215461 0.515625 0.0361842 0.0345395
0 0.32648 0.347862 0.0444079 0.0279605
0 0.556743 0.824836 0.0279605 0.0378289
0 0.981086 0.557566 0.03125 0.0328947
0 0.561678 0.444079 0.0345395 0.0361842
0 0.198191 0.467105 0.0378289 0.0296053
0 0.963816 0.639803 0.0361842 0.0296053
0 0.338816 0.487664 0.0296053 0.03125
0 0.196546 0.464638 0.03125 0.0279605
0 0.858553 0.622533 0.0263158 0.03125
0 0.488487 0.404605 0.0394737 0.0460526
0 0.564145 0.363487 0.0328947 0.0263158
0 0.345395 0.557566 0.0328947 0.0328947
0 0.710526 0.612664 0.0394737 0.0411184
0 0.98602 0.772204 0.0279605 0.03125
0 0.182566 0.735197 0.0328947 0.0296053
0 0.61102 0.609375 0.03125 0.0345395
0 0.696546 0.567434 0.0279605 0.0263158
0 0.528783 0.365132 0.03125 0.0230263
0 0.407895 0.637336 0.0427632 0.0345395
0 0.690789 0.714638 0.0328947 0.0345395
0 0.84375 0.657895 0.0361842 0.0394737
0 0.401316 0.395559 0.0296053 0.0279605
0 0.449013 0.371711 0.0296053 0.0361842
0 0.461349 0.526316 0.0279605 0.0328947
0 0.617599 0.728618 0.0345395 0.0328947
0 0.88898 0.791118 0.03125 0.0328947
0 0.95148 0.568257 0.03125 0.03125
0 0.685855 0.507401 0.0296053 0.0345395
0 0.461349 0.611842 0.0279605 0.0328947
0 0.972862 0.481086 0.03125 0.0378289
0 0.972862 0.708882 0.03125 0.0296053
0 0.896382 0.662007 0.0328947 0.0378289
0 0.71875 0.753289 0.0394737 0.0263158
0 0.38898 0.715461 0.0345395 0.0328947
0 0.458882 0.528783 0.0361842 0.0345395
0 0.901316 0.461349 0.0296053 0.0345395
0 0.54523 0.565789 0.0279605 0.0263158
0 0.297697 0.557566 0.0263158 0.0328947
0 0.726151 0.515625 0.0279605 0.03125
0 0.229441 0.477796 0.0345395 0.0279605
0 0.167763 0.604441 0.0361842 0.03125
0 0.536184 0.790296 0.0361842 0.03125
0 0.237664 0.550164 0.0246711 0.0279605
0 0.636513 0.700658 0.0361842 0.0296053
0 0.850329 0.569079 0.0296053 0.0263158
0 0.449013 0.330592 0.0263158 0.0361842
0 0.212993 0.717928 0.0345395 0.0279605
0 0.289474 0.439145 0.0263158 0.0328947
0 0.197368 0.46875 0.0296053 0.0263158
0 0.557566 0.82648 0.0328947 0.0345395
0 0.440789 0.723684 0.0263158 0.0328947
0 0.909539 0.421053 0.0427632 0.0427632
0 0.711349 0.477796 0.0345395 0.0411184
0 0.967105 0.837171 0.0394737 0.0328947
0 0.389803 0.717105 0.0328947 0.0263158
0 0.228618 0.478618 0.0361842 0.0361842
0 0.370066 0.620888 0.0296053 0.0279605
0 0.624178 0.646382 0.03125 0.0328947
0 0.538651 0.675164 0.0279605 0.0378289
0 0.931743 0.650493 0.0345395 0.0411184
0 0.837993 0.540296 0.03125 0.0345395
0 0.611842 0.765625 0.0361842 0.0345395
0 0.490132 0.540296 0.0328947 0.0279605
0 0.898026 0.574836 0.0394737 0.0345395
0 0.214638 0.720395 0.03125 0.0263158
0 0.771382 0.652961 0.0328947 0.0296053
0 0.851974 0.452303 0.0296053 0.0263158
0 0.695724 0.536184 0.0328947 0.0328947
0 0.530428 0.39227 0.0411184 0.0378289
0 0.240132 0.447368 0.0328947 0.0296053
0 0.325658 0.833059 0.0328947 0.0345395
0 0.716283 0.755757 0.0444079 0.0411184
0 0.584704 0.546053 0.0279605 0.0296053
0 0.772204 0.650493 0.0279605 0.0279605
0 0.458882 0.611842 0.0328947 0.0361842
0 0.352796 0.758224 0.0345395 0.0361842
0 0.393092 0.822368 0.0263158 0.0296053
0 0.333059 0.614309 0.0411184 0.0345395
0 0.649671 0.76398 0.0296053 0.0279605
0 0.39227 0.820724 0.03125 0.0328947
0 0.241776 0.444901 0.0230263 0.03125
0 0.583882 0.546053 0.0328947 0.0328947
0 0.534539 0.534539 0.0296053 0.0296053
0 0.761513 0.6875 0.0328947 0.0361842
0 0.412829 0.578125 0.0263158 0.03125
0 0.358553 0.447368 0.0296053 0.0296053
0 0.934211 0.45477 0.0328947 0.03125
0 0.873355 0.691612 0.0328947 0.03125
0 0.65625 0.537829 0.0328947 0.0328947
0 0.837993 0.601151 0.0345395 0.03125
0 0.46875 0.462993 0.0361842 0.03125
0 0.533717 0.790296 0.03125 0.0279605
0 0.477796 0.657072 0.0378289 0.0411184
0 0.520559 0.449013 0.0476974 0.0460526
0 0.408717 0.63898 0.0378289 0.03125
0 0.285362 0.439967 0.0279605 0.03125
0 0.421053 0.439967 0.0394737 0.0345395
0 0.654605 0.538651 0.0394737 0.0378289
0 0.287007 0.364309 0.03125 0.0279605
0 0.511513 0.819901 0.0361842 0.0279605
0 0.865132 0.511513 0.0361842 0.0328947
0 0.447368 0.328125 0.0361842 0.03125
0 0.623355 0.397204 0.0460526 0.0444079
0 0.936678 0.490132 0.0279605 0.0328947
0 0.967105 0.671053 0.0328947 0.0328947
0 0.333882 0.611842 0.0460526 0.0394737
0 0.728618 0.71875 0.0427632 0.0460526
0 0.716283 0.757401 0.0411184 0.03125
0 0.479441 0.655428 0.0378289 0.0345395
0 0.864309 0.515625 0.0444079 0.0345395
0 0.426809 0.507401 0.0345395 0.0345395
0 0.189967 0.5 0.03125 0.0296053
0 0.460526 0.433388 0.0296053 0.03125
0 0.185855 0.699836 0.0328947 0.0279605
0 0.422697 0.768914 0.0328947 0.0345395
0 0.59375 0.332237 0.0394737 0.0361842
0 0.384046 0.54523 0.03125 0.0378289
0 0.568257 0.754112 0.03125 0.03125
0 0.3125 0.524671 0.0328947 0.0328947
0 0.733553 0.723684 0.0394737 0.0361842
0 0.688322 0.507401 0.03125 0.03125
0 0.40625 0.638158 0.0296053 0.0296053
0 0.393914 0.470395 0.03125 0.0296053
0 0.198191 0.467105 0.0279605 0.0328947
0 0.967105 0.671053 0.0361842 0.0361842
0 0.413651 0.358553 0.0345395 0.0394737
0 0.592105 0.574013 0.0296053 0.0263158
0 0.842105 0.658717 0.0361842 0.0345395
0 0.715461 0.685033 0.0361842 0.0345395
0 0.287829 0.394737 0.0328947 0.0361842
0 0.711349 0.476151 0.0411184 0.0378289
0 0.179276 0.736842 0.0361842 0.0328947
0 0.426809 0.832237 0.0378289 0.0361842
0 0.900493 0.461349 0.0345395 0.03125
0 0.288651 0.438322 0.03125 0.0279605
0 0.247533 0.632401 0.0411184 0.0378289
0 0.810033 0.638158 0.03125 0.0296053
0 0.439967 0.570724 0.0345395 0.0328947
0 0.602796 0.822368 0.0378289 0.0361842
0 0.266447 0.51398 0.0394737 0.0411184
0 0.416941 0.440789 0.0476974 0.0361842
0 0.860197 0.621711 0.0263158 0.0230263
0 0.770559 0.651316 0.0279605 0.0263158
0 0.514803 0.324013 0.0361842 0.0394737
0 0.448191 0.79523 0.0345395 0.0345395
0 0.597039 0.470395 0.0296053 0.0361842
0 0.896382 0.664474 0.0460526 0.0361842
0 0.865954 0.411184 0.03125 0.0296053
0 0.592928 0.570724 0.0279605 0.0361842
0 0.388158 0.331414 0.0328947 0.0279605
0 0.242599 0.765625 0.0444079 0.0444079
0 0.710526 0.612664 0.0328947 0.0378289
0 0.70477 0.651316 0.0411184 0.0328947
0 0.217105 0.662007 0.0460526 0.0411184
0 0.265625 0.515625 0.0476974 0.0411184
0 0.328125 0.345395 0.0279605 0.0328947
0 0.875 0.690789 0.0296053 0.0296053
0 0.462171 0.614309 0.0328947 0.03125
0 0.584704 0.546053 0.0378289 0.0296053
0 0.63898 0.356908 0.0411184 0.0394737
0 0.626645 0.456414 0.0296053 0.03125
0 0.490132 0.404605 0.0427632 0.0394737
0 0.895559 0.384868 0.0345395 0.0328947
0 0.262336 0.816612 0.0411184 0.0345395
0 0.337993 0.679276 0.0279605 0.0296053
0 0.308388 0.796053 0.0345395 0.0361842
0 0.703947 0.651316 0.0328947 0.0296053
0 0.61102 0.520559 0.0345395 0.0345395
0 0.317434 0.472039 0.0296053 0.0296053
0 0.513158 0.327303 0.0394737 0.0394737
0 0.282072 0.734375 0.0411184 0.0345395
0 0.753289 0.489309 0.0427632 0.0411184
0 0.865132 0.410362 0.0296053 0.0246711
0 0.976974 0.412007 0.0230263 0.03125
0 0.212171 0.722039 0.0263158 0.0263158
0 0.322368 0.377467 0.0361842 0.0345395
0 0.389803 0.71875 0.0263158 0.0296053
0 0.287829 0.440789 0.0263158 0.0263158
0 0.402138 0.393092 0.0378289 0.0263158
0 0.518914 0.449013 0.0378289 0.0427632
0 0.244243 0.696546 0.0444079 0.0509868
0 0.935033 0.490132 0.0345395 0.0296053
0 0.919408 0.522204 0.0394737 0.0378289
0 0.521382 0.45148 0.0394737 0.0378289
0 0.425164 0.542763 0.03125 0.0328947
0 0.331414 0.344572 0.0378289 0.0246711
0 0.328947 0.652138 0.0394737 0.0345395
0 0.949836 0.570724 0.03125 0.0296053
0 0.385691 0.32977 0.0345395 0.03125
0 0.333882 0.61102 0.0361842 0.0378289
0 0.216283 0.662829 0.0411184 0.0394737
0 0.625 0.396382 0.0460526 0.0361842
0 0.241776 0.445724 0.0328947 0.0296053
0 0.710526 0.427632 0.0394737 0.0328947
0 0.894737 0.385691 0.0361842 0.0246711
0 0.388158 0.716283 0.0296053 0.03125
0 0.373355 0.666941 0.0328947 0.03125
0 0.287829 0.398849 0.0394737 0.0345395
0 0.73273 0.719572 0.0411184 0.0411184
0 0.160362 0.641447 0.0378289 0.0361842
0 0.32977 0.652138 0.0345395 0.0279605
0 0.410362 0.577303 0.03125 0.0296053
0 0.328947 0.347039 0.0328947 0.0296053
0 0.553454 0.325658 0.0444079 0.0394737
0 0.589638 0.644737 0.0411184 0.0361842
0 0.966283 0.837171 0.0345395 0.0296053
0 0.860197 0.620888 0.0296053 0.0279605
0 0.912829 0.42023 0.0394737 0.0378289
0 0.382401 0.549342 0.0345395 0.0328947
0 0.38898 0.333059 0.0378289 0.0378289
0 0.448191 0.328947 0.0378289 0.0361842
0 0.59375 0.570724 0.0361842 0.0296053
0 0.627467 0.578125 0.03125 0.0246711
0 0.564145 0.509868 0.0394737 0.0394737
0 0.862664 0.625 0.0246711 0.0263158
0 0.563322 0.442434 0.0345395 0.0361842
0 0.399671 0.397204 0.0328947 0.0279605
0 0.596217 0.475329 0.03125 0.0296053
0 0.32977 0.346217 0.0378289 0.0345395
0 0.408717 0.578947 0.0279605 0.0361842
0 0.3125 0.525493 0.0296053 0.0378289
0 0.589638 0.646382 0.0345395 0.0361842
0 0.865132 0.516447 0.0361842 0.0296053
0 0.894737 0.664474 0.0394737 0.0328947
0 0.246711 0.698191 0.0427632 0.0411184
0 0.388158 0.333059 0.0296053 0.0345395
0 0.864309 0.413651 0.0246711 0.0279605
0 0.381579 0.546053 0.0394737 0.0328947
0 0.575658 0.394737 0.0394737 0.0361842
0 0.976974 0.413651 0.0263158 0.0246711
0 0.860197 0.625 0.0263158 0.0296053
0 0.48602 0.362664 0.0378289 0.0378289
0 0.624178 0.457237 0.0345395 0.0296053
0 0.626645 0.581414 0.0263158 0.0279605
0 0.449013 0.684211 0.0394737 0.0361842
0 0.288651 0.766447 0.0345395 0.0328947
0 0.534539 0.393914 0.0361842 0.03125
0 0.458059 0.430921 0.03125 0.0328947
0 0.416941 0.440789 0.0378289 0.0296053
0 0.331414 0.347862 0.03125 0.03125
0 0.323191 0.428454 0.0444079 0.0411184
0 0.586349 0.645559 0.0411184 0.0378289
0 0.386513 0.331414 0.0296053 0.0345395
0 0.554276 0.323191 0.0361842 0.0378289
0 0.962171 0.435855 0.0361842 0.0296053
0 0.595395 0.471217 0.0361842 0.03125
0 0.592928 0.571546 0.03125 0.0279605
0 0.819079 0.51398 0.0263158 0.0279605
0 0.919408 0.523026 0.0361842 0.0328947
0 0.561678 0.509868 0.0411184 0.0361842
0 0.409539 0.578947 0.0328947 0.0361842
0 0.307566 0.797697 0.0361842 0.0296053
0 0.555099 0.322368 0.0411184 0.0460526
0 0.327303 0.650493 0.0361842 0.03125
0 0.458059 0.432566 0.0378289 0.0296053
0 0.411184 0.358553 0.0394737 0.0361842
0 0.416118 0.4375 0.0394737 0.0361842
0 0.986842 0.381579 0.0263158 0.0328947
0 0.819079 0.509868 0.0296053 0.0263158
