0 0.963281 0.410156 0.0734375 0.0921875
0 0.970312 0.614062 0.059375 0.0875
0 0.974219 0.779688 0.0515625 0.1375
0 0.971875 0.395312 0.05 0.075
0 0.575 0.689844 0.08125 0.0921875
0 0.742969 0.025 0.104687 0.04375
0 0.739844 0.0367187 0.0671875 0.0734375
0 0.954687 0.492188 0.059375 0.053125
0 0.489844 0.824219 0.107813 0.142188
0 0.597656 0.65 0.198437 0.2
0 0.965625 0.501562 0.06875 0.090625
0 0.972656 0.791406 0.0546875 0.0921875
0 0.642187 0.652344 0.0875 0.101562
0 0.426562 0.929688 0.115625 0.140625
0 0.575 0.670313 0.125 0.10625
0 0.102344 0.642969 0.204688 0.145313
0 0.0570313 0.485156 0.114063 0.164062
0 0.166406 0.507031 0.154687 0.145313
0 0.842969 0.852344 0.139062 0.117188
0 0.505469 0.810938 0.207813 0.16875
0 0.716406 0.127344 0.120312 0.142188
0 0.885938 0.560938 0.140625 0.153125
0 0.579687 0.149219 0.134375 0.117188
0 0.274219 0.640625 0.114063 0.171875
0 0.464063 0.233594 0.121875 0.139062
0 0.338281 0.267188 0.173438 0.2
0 0.314063 0.825 0.215625 0.1875
0 0.686719 0.854688 0.104687 0.1875
0 0.4375 0.666406 0.203125 0.167187
0 0.761719 0.7125 0.145313 0.165625
0 0.534375 0.5625 0.178125 0.178125
0 0.7375 0.5875 0.16875 0.178125
0 0.480469 0.370313 0.189063 0.165625
0 0.0953125 0.8625 0.184375 0.215625
0 0.852344 0.26875 0.179688 0.1375
0 0.630469 0.416406 0.173438 0.179688
0 0.9125 0.716406 0.165625 0.160938
0 0.814844 0.405469 0.170312 0.145313
0 0.340625 0.494531 0.196875 0.220313
0 0.675 0.242188 0.190625 0.19375
0 0.174219 0.314063 0.210938 0.23125
0 0.223438 0.120312 0.225 0.23125
