0 0.590461 0.580592 0.0394737 0.0427632
0 0.603618 0.439145 0.0263158 0.0296053
0 0.300164 0.639803 0.0411184 0.0361842
0 0.800164 0.529605 0.03125 0.0361842
0 0.359375 0.672697 0.0411184 0.0296053
0 0.680099 0.412007 0.0378289 0.0411184
0 0.858553 0.5625 0.0296053 0.0328947
0 0.23602 0.439145 0.0476974 0.0361842
0 0.886513 0.491776 0.0460526 0.0328947
0 0.505757 0.787829 0.0411184 0.0361842
0 0.852796 0.735197 0.0378289 0.0427632
0 0.495066 0.70477 0.0460526 0.0476974
0 0.39227 0.775493 0.0444079 0.0542763
0 0.503289 0.537829 0.0427632 0.0394737
0 0.778783 0.522204 0.0345395 0.03125
0 0.180099 0.523849 0.0246711 0.0345395
0 0.32648 0.587171 0.0345395 0.0427632
0 0.547697 0.525493 0.0328947 0.0509868
0 0.935855 0.544408 0.0328947 0.0361842
0 0.375 0.340461 0.0394737 0.0328947
0 0.85773 0.619243 0.0378289 0.0378289
0 0.724507 0.711349 0.0542763 0.0411184
0 0.769737 0.554276 0.0263158 0.0263158
0 0.147204 0.677632 0.03125 0.0427632
0 0.458059 0.817434 0.0378289 0.0493421
0 0.583059 0.514803 0.0476974 0.0394737
0 0.747533 0.707237 0.0575658 0.0657895
0 0.364309 0.53125 0.0378289 0.0394737
0 0.970395 0.631579 0.0328947 0.0394737
0 0.762336 0.509868 0.0378289 0.0460526
0 0.344572 0.546053 0.0411184 0.0427632
0 0.287829 0.358553 0.0493421 0.0263158
0 0.748355 0.474507 0.0394737 0.0476974
0 0.967928 0.564145 0.0476974 0.0361842
0 0.465461 0.524671 0.0361842 0.0559211
0 0.921875 0.713816 0.0476974 0.0394737
0 0.868421 0.592105 0.0328947 0.0230263
0 0.236842 0.470395 0.0394737 0.0493421
0 0.645559 0.490132 0.0345395 0.0361842
0 0.335526 0.824836 0.0361842 0.0378289
0 0.912007 0.625 0.0246711 0.0296053
0 0.580592 0.606908 0.0394737 0.0328947
0 0.588816 0.435855 0.0493421 0.0394737
0 0.435033 0.368421 0.0476974 0.0361842
0 0.686678 0.587993 0.0345395 0.0345395
0 0.575658 0.760691 0.0427632 0.0411184
0 0.689145 0.725329 0.0296053 0.0427632
0 0.418586 0.776316 0.0411184 0.0361842
0 0.409539 0.344572 0.0394737 0.0509868
0 0.370888 0.797697 0.0411184 0.0394737
0 0.876645 0.760691 0.0361842 0.0444079
0 0.495066 0.602796 0.0394737 0.0378289
0 0.689145 0.489309 0.0427632 0.0476974
0 0.708059 0.638158 0.0345395 0.0460526
0 0.662007 0.583882 0.0378289 0.0394737
0 0.905428 0.491776 0.0378289 0.0328947
0 0.285362 0.449013 0.0279605 0.0361842
0 0.164474 0.569079 0.0328947 0.0361842
0 0.168586 0.538651 0.0378289 0.0378289
0 0.410362 0.708882 0.0345395 0.0394737
0 0.633224 0.411184 0.0394737 0.0493421
0 0.199013 0.629934 0.0263158 0.0296053
0 0.655428 0.561678 0.0345395 0.0476974
0 0.461349 0.566612 0.0444079 0.03125
0 0.671875 0.46875 0.0411184 0.0328947
0 0.495066 0.807566 0.0328947 0.0361842
0 0.586349 0.402138 0.0411184 0.0476974
0 0.922697 0.8125 0.0328947 0.0361842
0 0.527138 0.365132 0.0444079 0.0361842
0 0.444079 0.394737 0.0361842 0.0427632
0 0.435855 0.822368 0.0460526 0.0559211
0 0.344572 0.564967 0.0411184 0.0411184
0 0.565789 0.455592 0.0394737 0.0526316
0 0.256579 0.803454 0.0657895 0.0378289
0 0.751645 0.488487 0.0526316 0.0625
0 0.590461 0.553454 0.0394737 0.0476974
0 0.809211 0.602796 0.0328947 0.03125
0 0.289474 0.824013 0.0427632 0.0427632
0 0.627467 0.733553 0.0444079 0.0328947
0 0.980263 0.412829 0.0263158 0.0361842
0 0.177632 0.784539 0.0328947 0.0394737
0 0.214638 0.713816 0.0213816 0.0328947
0 0.949013 0.558388 0.0328947 0.0411184
0 0.174342 0.61102 0.0427632 0.0345395
0 0.939145 0.815789 0.0361842 0.0361842
0 0.754112 0.550164 0.03125 0.03125
0 0.151316 0.651316 0.0394737 0.0460526
0 0.942434 0.759046 0.0361842 0.0345395
0 0.366776 0.370066 0.0328947 0.0263158
0 0.453125 0.422697 0.0411184 0.0394737
0 0.265625 0.483553 0.0378289 0.0394737
0 0.445724 0.716283 0.0328947 0.0345395
0 0.305921 0.82977 0.0427632 0.0345395
0 0.927632 0.5 0.0361842 0.0460526
0 0.429276 0.48273 0.0361842 0.0575658
0 0.778783 0.554276 0.0246711 0.0263158
0 0.409539 0.402138 0.0328947 0.0411184
0 0.42023 0.685033 0.03125 0.0411184
0 0.601974 0.339638 0.0493421 0.0411184
0 0.936678 0.678454 0.0246711 0.0246711
0 0.32977 0.351974 0.0411184 0.0460526
0 0.140625 0.639803 0.0345395 0.0328947
0 0.662829 0.792763 0.0394737 0.0361842
0 0.334704 0.663651 0.0345395 0.0476974
0 0.699836 0.599507 0.0411184 0.0345395
0 0.325658 0.475329 0.0460526 0.0394737
0 0.248355 0.441612 0.0361842 0.03125
0 0.251645 0.594572 0.0296053 0.0246711
0 0.977796 0.372533 0.0378289 0.0509868
0 0.987664 0.779605 0.0246711 0.0592105
0 0.888158 0.527138 0.0263158 0.0213816
0 0.727796 0.686678 0.0411184 0.0378289
0 0.552632 0.727796 0.0263158 0.0246711
0 0.981086 0.541941 0.03125 0.0608553
0 0.487664 0.805099 0.03125 0.0279605
0 0.535362 0.707237 0.0345395 0.0361842
0 0.439145 0.614309 0.0394737 0.0378289
0 0.476151 0.665296 0.0476974 0.0411184
0 0.440789 0.648026 0.0361842 0.0328947
0 0.470395 0.368421 0.0460526 0.0361842
0 0.242599 0.409539 0.0378289 0.0296053
0 0.216283 0.791941 0.0345395 0.0279605
0 0.481086 0.327303 0.0378289 0.0493421
0 0.161184 0.559211 0.0361842 0.0394737
0 0.568257 0.317434 0.0444079 0.0394737
0 0.918586 0.813322 0.0279605 0.0213816
0 0.481086 0.5 0.0345395 0.0361842
0 0.587171 0.711349 0.0230263 0.03125
0 0.0707237 0.505757 0.0197368 0.0180921
0 0.563322 0.490954 0.0411184 0.0476974
0 0.133224 0.509046 0.0296053 0.0180921
0 0.582237 0.680921 0.0296053 0.0394737
0 0.35773 0.582237 0.03125 0.0361842
0 0.899671 0.702303 0.0296053 0.0296053
0 0.745066 0.553454 0.0361842 0.03125
0 0.532072 0.590461 0.0279605 0.0361842
0 0.710526 0.659539 0.0328947 0.0427632
0 0.435033 0.328125 0.0411184 0.03125
0 0.495066 0.784539 0.0328947 0.0394737
0 0.362664 0.817434 0.0345395 0.0394737
0 0.297697 0.773026 0.0361842 0.0460526
0 0.979441 0.73602 0.03125 0.03125
0 0.678454 0.760691 0.03125 0.0279605
0 0.947368 0.402138 0.0263158 0.0279605
0 0.653783 0.733553 0.0378289 0.0328947
0 0.925987 0.783717 0.0328947 0.0279605
0 0.870888 0.763158 0.03125 0.0263158
0 0.26398 0.477796 0.0279605 0.0246711
0 0.990954 0.801809 0.0180921 0.03125
0 0.671875 0.38898 0.0345395 0.0378289
0 0.777961 0.586349 0.0296053 0.0279605
0 0.839638 0.488487 0.0279605 0.0230263
0 0.149671 0.711349 0.0296053 0.0378289
0 0.938322 0.753289 0.0279605 0.0263158
0 0.36102 0.393914 0.03125 0.03125
0 0.314145 0.748355 0.0361842 0.0361842
0 0.737664 0.45148 0.0345395 0.03125
0 0.527961 0.758224 0.0361842 0.0361842
0 0.946546 0.609375 0.0279605 0.0246711
0 0.417763 0.674342 0.0296053 0.0230263
0 0.98273 0.516447 0.0345395 0.0361842
0 0.263158 0.566612 0.0296053 0.0279605
0 0.541941 0.620888 0.0345395 0.0345395
0 0.605263 0.365954 0.0296053 0.0279605
0 0.675164 0.416941 0.03125 0.0279605
0 0.865954 0.54852 0.0279605 0.0246711
0 0.144737 0.666941 0.0296053 0.0279605
0 0.564967 0.474507 0.03125 0.0279605
0 0.672697 0.477796 0.0296053 0.0345395
0 0.42352 0.321546 0.0279605 0.0246711
0 0.796875 0.535362 0.0246711 0.0213816
0 0.623355 0.551809 0.0263158 0.0246711
0 0.675164 0.676809 0.03125 0.0411184
0 0.765625 0.520559 0.0279605 0.0279605
0 0.319079 0.580592 0.0263158 0.0263158
0 0.487664 0.59375 0.0411184 0.0493421
0 0.389803 0.511513 0.0361842 0.0328947
0 0.206414 0.625 0.03125 0.0296053
0 0.842928 0.724507 0.0345395 0.0378289
0 0.299342 0.685033 0.0328947 0.0378289
0 0.683388 0.591283 0.0246711 0.0246711
0 0.979441 0.61102 0.0279605 0.0279605
0 0.476151 0.563322 0.0279605 0.0279605
0 0.944901 0.806743 0.0279605 0.03125
0 0.171875 0.527961 0.03125 0.0230263
0 0.462171 0.831414 0.0328947 0.0378289
0 0.740954 0.640625 0.03125 0.0279605
0 0.130757 0.638158 0.03125 0.0263158
0 0.387336 0.787007 0.0378289 0.0345395
0 0.289474 0.635691 0.0361842 0.0378289
0 0.804276 0.60773 0.0263158 0.0246711
0 0.76727 0.619243 0.0345395 0.0279605
0 0.65625 0.575658 0.0296053 0.0263158
0 0.200658 0.553454 0.0361842 0.03125
0 0.359375 0.522204 0.0279605 0.0246711
0 0.651316 0.613487 0.0394737 0.0394737
0 0.867599 0.480263 0.0279605 0.0296053
0 0.46875 0.494243 0.0263158 0.0279605
0 0.572368 0.600329 0.0263158 0.0328947
0 0.480263 0.315789 0.0328947 0.0296053
0 0.494243 0.506579 0.0279605 0.0328947
0 0.439967 0.407072 0.0378289 0.0279605
0 0.696546 0.535362 0.03125 0.0345395
0 0.346217 0.555921 0.03125 0.0296053
0 0.464638 0.751645 0.0378289 0.0394737
0 0.737664 0.601974 0.0279605 0.0328947
0 0.811678 0.574013 0.0345395 0.0328947
0 0.597862 0.430921 0.0345395 0.0427632
0 0.944901 0.542763 0.0279605 0.0263158
0 0.214638 0.587171 0.0378289 0.0328947
0 0.834704 0.688322 0.03125 0.0279605
0 0.254112 0.377467 0.03125 0.03125
0 0.534539 0.534539 0.0296053 0.0296053
0 0.634046 0.425987 0.0378289 0.0296053
0 0.499178 0.693257 0.0411184 0.0411184
0 0.425987 0.616776 0.0296053 0.0328947
0 0.881579 0.433388 0.0263158 0.0246711
0 0.581414 0.789474 0.0279605 0.0296053
0 0.95148 0.775493 0.0279605 0.0279605
0 0.689967 0.714638 0.0345395 0.0345395
0 0.912007 0.620066 0.0378289 0.0394737
0 0.339638 0.486842 0.03125 0.0296053
0 0.674342 0.788651 0.0296053 0.0279605
0 0.894737 0.494243 0.0230263 0.0279605
0 0.759868 0.686678 0.0328947 0.0378289
0 0.924342 0.722862 0.0328947 0.0411184
0 0.98273 0.557566 0.03125 0.0328947
0 0.441612 0.722862 0.0279605 0.03125
0 0.282072 0.596217 0.0411184 0.03125
0 0.969572 0.36102 0.0345395 0.0246711
0 0.240954 0.447368 0.03125 0.0296053
0 0.972862 0.480263 0.0345395 0.0394737
0 0.296053 0.828947 0.0296053 0.0296053
0 0.384046 0.434211 0.0279605 0.0263158
0 0.498355 0.735197 0.0361842 0.0361842
0 0.433388 0.466283 0.03125 0.0345395
0 0.449013 0.372533 0.0296053 0.0345395
0 0.370066 0.622533 0.0296053 0.03125
0 0.416118 0.703947 0.0263158 0.0263158
0 0.932566 0.650493 0.0296053 0.0378289
0 0.296875 0.556743 0.0279605 0.0345395
0 0.973684 0.708882 0.0328947 0.0296053
0 0.521382 0.652138 0.0263158 0.0279605
0 0.563322 0.363487 0.0345395 0.0263158
0 0.214638 0.435033 0.0279605 0.0279605
0 0.529605 0.364309 0.0328947 0.0246711
0 0.887336 0.736842 0.0378289 0.0328947
0 0.618421 0.728618 0.0328947 0.0328947
0 0.469572 0.462993 0.0378289 0.0345395
0 0.837171 0.601151 0.0361842 0.03125
0 0.236842 0.550164 0.0263158 0.03125
0 0.967928 0.67023 0.0345395 0.0378289
0 0.657072 0.538651 0.0345395 0.0345395
0 0.354441 0.758224 0.0345395 0.0361842
0 0.898026 0.574013 0.0361842 0.0361842
0 0.962993 0.63898 0.0378289 0.0279605
0 0.88898 0.791118 0.03125 0.0328947
0 0.168586 0.603618 0.0378289 0.0328947
0 0.837171 0.540296 0.0328947 0.0345395
0 0.648849 0.763158 0.03125 0.0296053
0 0.850329 0.569901 0.0296053 0.0279605
0 0.644737 0.800164 0.0263158 0.03125
0 0.59375 0.332237 0.0394737 0.0361842
0 0.296875 0.496711 0.0279605 0.0296053
0 0.214638 0.516447 0.0279605 0.0328947
0 0.546053 0.566612 0.0296053 0.0279605
0 0.228618 0.478618 0.0361842 0.0361842
0 0.533717 0.789474 0.03125 0.0296053
0 0.325658 0.832237 0.0328947 0.0328947
0 0.393914 0.470395 0.03125 0.0296053
0 0.491776 0.402961 0.0427632 0.0394737
0 0.933388 0.455592 0.03125 0.0296053
0 0.983553 0.771382 0.0263158 0.0328947
0 0.407072 0.63898 0.03125 0.0279605
0 0.189967 0.5 0.03125 0.0296053
0 0.538651 0.675987 0.0279605 0.0361842
0 0.412007 0.737664 0.03125 0.03125
0 0.636513 0.699013 0.0361842 0.0296053
0 0.717105 0.755757 0.0394737 0.0345395
0 0.282895 0.733553 0.0394737 0.0361842
0 0.515625 0.324013 0.0378289 0.0361842
0 0.896382 0.386513 0.0361842 0.0263158
0 0.810033 0.636513 0.0345395 0.0296053
0 0.334704 0.716283 0.0378289 0.0378289
0 0.612664 0.76398 0.0378289 0.0345395
0 0.624178 0.646382 0.03125 0.0361842
0 0.490132 0.539474 0.0328947 0.0263158
0 0.248355 0.632401 0.0427632 0.0378289
0 0.359375 0.445724 0.0279605 0.0296053
0 0.393914 0.822368 0.03125 0.0296053
0 0.318257 0.472039 0.03125 0.0263158
0 0.842928 0.658717 0.0345395 0.0345395
0 0.511513 0.819901 0.0328947 0.0279605
0 0.612664 0.60773 0.03125 0.0345395
0 0.440789 0.570724 0.0328947 0.0328947
0 0.461349 0.527138 0.0345395 0.03125
0 0.462171 0.614309 0.0328947 0.03125
0 0.851151 0.452303 0.03125 0.0263158
0 0.422697 0.768092 0.0328947 0.0328947
0 0.716283 0.685033 0.0345395 0.0345395
0 0.186678 0.699013 0.0345395 0.0296053
0 0.688322 0.507401 0.03125 0.03125
0 0.695724 0.566612 0.0296053 0.03125
0 0.522204 0.45148 0.0378289 0.0378289
0 0.426809 0.507401 0.0345395 0.0345395
0 0.199013 0.466283 0.0296053 0.03125
0 0.557566 0.82648 0.0296053 0.0378289
0 0.287007 0.362664 0.03125 0.0279605
0 0.754112 0.489309 0.0411184 0.0378289
0 0.950658 0.571546 0.0296053 0.03125
0 0.266447 0.514803 0.0460526 0.0394737
0 0.448191 0.794408 0.0378289 0.0361842
0 0.726151 0.515625 0.03125 0.03125
0 0.287829 0.439967 0.0296053 0.0279605
0 0.703947 0.649671 0.0328947 0.0296053
0 0.481086 0.655428 0.0411184 0.0411184
0 0.426809 0.831414 0.0378289 0.0378289
0 0.603618 0.821546 0.0394737 0.0378289
0 0.711349 0.612664 0.0345395 0.0345395
0 0.901316 0.461349 0.0361842 0.03125
0 0.874178 0.689145 0.03125 0.0296053
0 0.639803 0.356908 0.0394737 0.0394737
0 0.179276 0.736842 0.0361842 0.0328947
0 0.771382 0.650493 0.0296053 0.0279605
0 0.243421 0.768092 0.0427632 0.0460526
0 0.333059 0.614309 0.0378289 0.0378289
0 0.710526 0.426809 0.0394737 0.0345395
0 0.447368 0.328947 0.0394737 0.0361842
0 0.337993 0.679276 0.03125 0.0296053
0 0.245888 0.695724 0.0444079 0.0460526
0 0.59375 0.571546 0.0328947 0.0279605
0 0.625822 0.394737 0.0411184 0.0361842
0 0.263158 0.815789 0.0427632 0.0361842
0 0.400493 0.398026 0.03125 0.0296053
0 0.935855 0.489309 0.0361842 0.0279605
0 0.863487 0.413651 0.0263158 0.0279605
0 0.534539 0.393092 0.0361842 0.0328947
0 0.323191 0.376645 0.0345395 0.0328947
0 0.711349 0.476151 0.0378289 0.0411184
0 0.61102 0.520559 0.0378289 0.0378289
0 0.569901 0.754112 0.03125 0.03125
0 0.584704 0.546053 0.0345395 0.0296053
0 0.216283 0.662829 0.0411184 0.0361842
0 0.32977 0.344572 0.0279605 0.03125
0 0.212993 0.722039 0.0279605 0.0263158
0 0.865132 0.515625 0.0394737 0.0279605
0 0.913651 0.42023 0.0411184 0.0378289
0 0.624178 0.457237 0.0345395 0.0296053
0 0.287829 0.398849 0.0394737 0.0345395
0 0.383224 0.549342 0.0361842 0.0328947
0 0.976151 0.412829 0.0279605 0.0230263
0 0.373355 0.666118 0.0328947 0.0328947
0 0.0740132 0.507401 0.0197368 0.0246711
0 0.563322 0.440789 0.0345395 0.0361842
0 0.734375 0.71875 0.0411184 0.0394737
0 0.921053 0.521382 0.0394737 0.0361842
0 0.967928 0.837171 0.0345395 0.0296053
0 0.161184 0.641447 0.0394737 0.0361842
0 0.313322 0.524671 0.03125 0.0361842
0 0.48602 0.36102 0.0378289 0.0378289
0 0.895559 0.662829 0.0411184 0.0328947
0 0.596217 0.472039 0.0345395 0.0296053
0 0.425987 0.542763 0.0328947 0.0328947
0 0.449836 0.684211 0.0378289 0.0361842
0 0.324013 0.428454 0.0427632 0.0411184
0 0.586349 0.645559 0.0411184 0.0378289
0 0.288651 0.766447 0.0378289 0.0328947
0 0.86102 0.625 0.0246711 0.0296053
0 0.625822 0.581414 0.0279605 0.0279605
0 0.38898 0.71875 0.0279605 0.0296053
0 0.575658 0.393914 0.0394737 0.0378289
0 0.328125 0.649671 0.0345395 0.0296053
0 0.413651 0.35773 0.0411184 0.0345395
0 0.308388 0.796875 0.0378289 0.0279605
0 0.555921 0.322368 0.0361842 0.0394737
0 0.561678 0.509046 0.0411184 0.0378289
0 0.388158 0.331414 0.0361842 0.0345395
0 0.961349 0.435033 0.0378289 0.03125
0 0.409539 0.578947 0.0328947 0.0361842
0 0.416118 0.436678 0.0394737 0.0345395
0 0.819901 0.509046 0.03125 0.0279605
0 0.458882 0.432566 0.0361842 0.0296053
0 0.986842 0.380757 0.0263158 0.0345395
