0 0.749178 0.708059 0.0575658 0.0674342
0 0.503289 0.537829 0.0427632 0.0394737
0 0.462171 0.842928 0.0427632 0.0378289
0 0.525493 0.456414 0.0509868 0.0773026
0 0.889803 0.708882 0.0361842 0.0460526
0 0.200658 0.403783 0.0361842 0.0246711
0 0.905428 0.391447 0.0509868 0.0460526
0 0.583059 0.510691 0.0575658 0.0411184
0 0.965461 0.564145 0.0460526 0.0361842
0 0.323191 0.666941 0.0345395 0.0411184
0 0.64227 0.490954 0.03125 0.0378289
0 0.36102 0.672697 0.0378289 0.0296053
0 0.866776 0.592105 0.0361842 0.0263158
0 0.336349 0.825658 0.03125 0.0427632
0 0.287829 0.354441 0.0526316 0.0279605
0 0.852796 0.736842 0.0378289 0.0427632
0 0.587993 0.581414 0.03125 0.0411184
0 0.842928 0.550987 0.0345395 0.0427632
0 0.971217 0.632401 0.03125 0.0378289
0 0.57977 0.532895 0.0411184 0.0427632
0 0.934211 0.740132 0.0328947 0.0427632
0 0.587993 0.652961 0.0542763 0.0756579
0 0.370888 0.796053 0.0378289 0.0427632
0 0.768914 0.553454 0.0246711 0.0279605
0 0.144737 0.680099 0.0263158 0.0411184
0 0.458059 0.815789 0.0345395 0.0460526
0 0.289474 0.449013 0.0394737 0.0361842
0 0.707237 0.638158 0.0328947 0.0427632
0 0.34375 0.546053 0.0394737 0.0427632
0 0.688322 0.488487 0.0444079 0.0427632
0 0.4375 0.819901 0.0427632 0.0542763
0 0.747533 0.473684 0.0411184 0.0460526
0 0.237664 0.467105 0.0378289 0.0460526
0 0.57648 0.606908 0.0444079 0.0394737
0 0.435855 0.368421 0.0427632 0.0361842
0 0.376645 0.341283 0.0328947 0.03125
0 0.661184 0.583059 0.0328947 0.0378289
0 0.525493 0.364309 0.0444079 0.0378289
0 0.166941 0.538651 0.03125 0.0378289
0 0.300987 0.641447 0.0460526 0.0361842
0 0.177632 0.782072 0.0328947 0.0279605
0 0.413651 0.510691 0.0378289 0.0345395
0 0.363487 0.532072 0.0328947 0.0378289
0 0.657895 0.564145 0.0328947 0.0427632
0 0.45148 0.422697 0.0345395 0.0460526
0 0.778783 0.554276 0.03125 0.0296053
0 0.587993 0.402138 0.0378289 0.0444079
0 0.632401 0.408717 0.0378289 0.0476974
0 0.566612 0.456414 0.0378289 0.0509868
0 0.904605 0.492599 0.0394737 0.0345395
0 0.449013 0.717105 0.0328947 0.0328947
0 0.459704 0.565789 0.0411184 0.0296053
0 0.151316 0.652961 0.0361842 0.0394737
0 0.444079 0.395559 0.0361842 0.0411184
0 0.495888 0.807566 0.03125 0.0361842
0 0.429276 0.481086 0.0328947 0.0509868
0 0.926809 0.499178 0.0345395 0.0444079
0 0.662829 0.792763 0.0394737 0.0394737
0 0.255757 0.800164 0.0542763 0.0345395
0 0.410362 0.402138 0.0378289 0.0378289
0 0.941612 0.762336 0.0378289 0.0345395
0 0.4375 0.614309 0.0394737 0.0378289
0 0.777138 0.522204 0.0345395 0.03125
0 0.365954 0.373355 0.0411184 0.0394737
0 0.949013 0.558388 0.0328947 0.0444079
0 0.699013 0.600329 0.0361842 0.0361842
0 0.465461 0.369243 0.0427632 0.0345395
0 0.483553 0.333059 0.0328947 0.0509868
0 0.440789 0.648849 0.0328947 0.0345395
0 0.974507 0.371711 0.0378289 0.0460526
0 0.938322 0.815789 0.0378289 0.0328947
0 0.42023 0.685033 0.0279605 0.0378289
0 0.980263 0.537007 0.0296053 0.0575658
0 0.158717 0.559211 0.0378289 0.0394737
0 0.553454 0.727796 0.0279605 0.0246711
0 0.481086 0.3125 0.0509868 0.0296053
0 0.333882 0.662007 0.0328947 0.0444079
0 0.242599 0.410362 0.0345395 0.03125
0 0.217105 0.791941 0.0296053 0.03125
0 0.251645 0.59375 0.0296053 0.0230263
0 0.494243 0.783717 0.0345395 0.0378289
0 0.888158 0.527961 0.0263158 0.0230263
0 0.5625 0.487664 0.0394737 0.0444079
0 0.936678 0.678454 0.0246711 0.0213816
0 0.582237 0.681743 0.0263158 0.0411184
0 0.132401 0.509868 0.0246711 0.0164474
0 0.53125 0.592105 0.0263158 0.0394737
0 0.566612 0.314967 0.0476974 0.0378289
0 0.478618 0.5 0.0328947 0.0361842
0 0.709704 0.661184 0.03125 0.0394737
0 0.537007 0.708059 0.03125 0.0345395
0 0.486842 0.805921 0.0296053 0.0263158
0 0.918586 0.813322 0.0279605 0.0246711
0 0.587171 0.710526 0.0230263 0.0328947
0 0.299342 0.774671 0.0361842 0.0460526
0 0.676809 0.759868 0.0279605 0.0230263
0 0.988487 0.806743 0.0230263 0.0279605
0 0.356908 0.583059 0.0328947 0.0378289
0 0.901316 0.703947 0.0230263 0.0263158
0 0.652961 0.733553 0.0394737 0.0328947
0 0.431743 0.32648 0.0345395 0.03125
0 0.151316 0.710526 0.0328947 0.0361842
0 0.361842 0.817434 0.0328947 0.0361842
0 0.361842 0.393914 0.0361842 0.0378289
0 0.745066 0.553454 0.0361842 0.03125
0 0.946546 0.402138 0.0246711 0.0279605
0 0.206414 0.625822 0.03125 0.0345395
0 0.978618 0.737664 0.0328947 0.03125
0 0.416941 0.674342 0.0279605 0.0263158
0 0.947368 0.608553 0.0296053 0.0361842
0 0.131579 0.63898 0.0263158 0.0279605
0 0.487664 0.594572 0.0411184 0.0476974
0 0.144737 0.666941 0.0328947 0.0279605
0 0.26398 0.478618 0.0279605 0.0263158
0 0.870888 0.76398 0.03125 0.0279605
0 0.944079 0.806743 0.0328947 0.03125
0 0.737664 0.45148 0.0345395 0.03125
0 0.313322 0.748355 0.0378289 0.0296053
0 0.981908 0.518092 0.0328947 0.0328947
0 0.527138 0.759046 0.0378289 0.0411184
0 0.777138 0.585526 0.0279605 0.0296053
0 0.541118 0.621711 0.0361842 0.0328947
0 0.17023 0.527961 0.03125 0.0230263
0 0.67352 0.476151 0.03125 0.0345395
0 0.804276 0.60773 0.0263158 0.0246711
0 0.318257 0.57977 0.0279605 0.0279605
0 0.462171 0.832237 0.0296053 0.0361842
0 0.797697 0.535362 0.0263158 0.0246711
0 0.925987 0.783717 0.0328947 0.0279605
0 0.682566 0.592105 0.0263158 0.0263158
0 0.9375 0.753289 0.0263158 0.0263158
0 0.739309 0.601151 0.0246711 0.0279605
0 0.263158 0.566612 0.0296053 0.0279605
0 0.867599 0.481086 0.03125 0.03125
0 0.839638 0.489309 0.0279605 0.0246711
0 0.213816 0.587171 0.0394737 0.0328947
0 0.766447 0.519737 0.0296053 0.0296053
0 0.842105 0.724507 0.0328947 0.0378289
0 0.67023 0.38898 0.0378289 0.0345395
0 0.46875 0.494243 0.0263158 0.0279605
0 0.580592 0.790296 0.0296053 0.03125
0 0.385691 0.788651 0.0345395 0.0279605
0 0.865954 0.54852 0.0279605 0.0246711
0 0.564967 0.475329 0.03125 0.0296053
0 0.422697 0.322368 0.0263158 0.0263158
0 0.674342 0.675987 0.0328947 0.0427632
0 0.605263 0.366776 0.0296053 0.0296053
0 0.810855 0.575658 0.0361842 0.0328947
0 0.675987 0.416941 0.0296053 0.0279605
0 0.740954 0.641447 0.03125 0.0296053
0 0.465461 0.750822 0.0328947 0.0378289
0 0.623355 0.550987 0.0296053 0.0296053
0 0.95148 0.775493 0.0279605 0.0279605
0 0.979441 0.61102 0.0279605 0.0279605
0 0.76727 0.620066 0.03125 0.0296053
0 0.572368 0.599507 0.0263158 0.0345395
0 0.288651 0.634046 0.0345395 0.0378289
0 0.389803 0.512336 0.0361842 0.0345395
0 0.253289 0.378289 0.0296053 0.0296053
0 0.5 0.693257 0.0394737 0.0411184
0 0.474507 0.564145 0.0279605 0.0263158
0 0.493421 0.506579 0.0328947 0.0328947
0 0.895559 0.494243 0.0246711 0.0279605
0 0.597862 0.431743 0.03125 0.0378289
0 0.35773 0.523026 0.0279605 0.0263158
0 0.481086 0.317434 0.0279605 0.0361842
0 0.833882 0.689145 0.0296053 0.0263158
0 0.67352 0.789474 0.0279605 0.0296053
0 0.299342 0.682566 0.0328947 0.0328947
0 0.384868 0.434211 0.0296053 0.0296053
0 0.0748355 0.506579 0.0180921 0.0230263
0 0.96875 0.36102 0.0328947 0.0279605
0 0.881579 0.433388 0.0296053 0.0279605
0 0.944901 0.54523 0.0246711 0.03125
0 0.65625 0.575658 0.0296053 0.0263158
0 0.650493 0.614309 0.0378289 0.0378289
0 0.643914 0.800164 0.0279605 0.03125
0 0.633224 0.426809 0.0328947 0.0279605
0 0.887336 0.736842 0.0378289 0.0328947
0 0.296053 0.82648 0.0361842 0.03125
0 0.439145 0.407072 0.0394737 0.03125
0 0.425987 0.618421 0.0296053 0.0328947
0 0.434211 0.467105 0.0296053 0.0328947
0 0.519737 0.652138 0.0296053 0.0279605
0 0.909539 0.620066 0.0361842 0.0394737
0 0.282072 0.596217 0.0378289 0.03125
0 0.199836 0.554276 0.0345395 0.0328947
0 0.416118 0.703947 0.0263158 0.0263158
0 0.297697 0.496711 0.0296053 0.0296053
0 0.924342 0.722862 0.0328947 0.0411184
0 0.334704 0.716283 0.0378289 0.0378289
0 0.412007 0.737664 0.03125 0.03125
0 0.497533 0.73602 0.0378289 0.03125
0 0.214638 0.434211 0.0279605 0.0296053
0 0.215461 0.515625 0.0361842 0.0345395
0 0.981086 0.557566 0.03125 0.0328947
0 0.963816 0.639803 0.0361842 0.0296053
0 0.338816 0.487664 0.0296053 0.03125
0 0.564145 0.363487 0.0328947 0.0263158
0 0.345395 0.557566 0.0328947 0.0328947
0 0.98602 0.772204 0.0279605 0.03125
0 0.61102 0.609375 0.03125 0.0345395
0 0.696546 0.567434 0.0279605 0.0263158
0 0.528783 0.365132 0.03125 0.0230263
0 0.690789 0.714638 0.0328947 0.0345395
0 0.449013 0.371711 0.0296053 0.0361842
0 0.617599 0.728618 0.0345395 0.0328947
0 0.88898 0.791118 0.03125 0.0328947
0 0.972862 0.481086 0.03125 0.0378289
0 0.972862 0.708882 0.03125 0.0296053
0 0.458882 0.528783 0.0361842 0.0345395
0 0.54523 0.565789 0.0279605 0.0263158
0 0.297697 0.557566 0.0263158 0.0328947
0 0.726151 0.515625 0.0279605 0.03125
0 0.167763 0.604441 0.0361842 0.03125
0 0.237664 0.550164 0.0246711 0.0279605
0 0.636513 0.700658 0.0361842 0.0296053
0 0.850329 0.569079 0.0296053 0.0263158
0 0.557566 0.82648 0.0328947 0.0345395
0 0.440789 0.723684 0.0263158 0.0328947
0 0.228618 0.478618 0.0361842 0.0361842
0 0.370066 0.620888 0.0296053 0.0279605
0 0.624178 0.646382 0.03125 0.0328947
0 0.538651 0.675164 0.0279605 0.0378289
0 0.931743 0.650493 0.0345395 0.0411184
0 0.837993 0.540296 0.03125 0.0345395
0 0.611842 0.765625 0.0361842 0.0345395
0 0.490132 0.540296 0.0328947 0.0279605
0 0.898026 0.574836 0.0394737 0.0345395
0 0.851974 0.452303 0.0296053 0.0263158
0 0.695724 0.536184 0.0328947 0.0328947
0 0.325658 0.833059 0.0328947 0.0345395
0 0.352796 0.758224 0.0345395 0.0361842
0 0.649671 0.76398 0.0296053 0.0279605
0 0.39227 0.820724 0.03125 0.0328947
0 0.534539 0.534539 0.0296053 0.0296053
0 0.761513 0.6875 0.0328947 0.0361842
0 0.358553 0.447368 0.0296053 0.0296053
0 0.934211 0.45477 0.0328947 0.03125
0 0.837993 0.601151 0.0345395 0.03125
0 0.46875 0.462993 0.0361842 0.03125
0 0.533717 0.790296 0.03125 0.0279605
0 0.654605 0.538651 0.0394737 0.0378289
0 0.287007 0.364309 0.03125 0.0279605
0 0.511513 0.819901 0.0361842 0.0279605
0 0.716283 0.757401 0.0411184 0.03125
0 0.479441 0.655428 0.0378289 0.0345395
0 0.426809 0.507401 0.0345395 0.0345395
0 0.189967 0.5 0.03125 0.0296053
0 0.185855 0.699836 0.0328947 0.0279605
0 0.422697 0.768914 0.0328947 0.0345395
0 0.59375 0.332237 0.0394737 0.0361842
0 0.568257 0.754112 0.03125 0.03125
0 0.688322 0.507401 0.03125 0.03125
0 0.40625 0.638158 0.0296053 0.0296053
0 0.393914 0.470395 0.03125 0.0296053
0 0.198191 0.467105 0.0279605 0.0328947
0 0.967105 0.671053 0.0361842 0.0361842
0 0.842105 0.658717 0.0361842 0.0345395
0 0.715461 0.685033 0.0361842 0.0345395
0 0.711349 0.476151 0.0411184 0.0378289
0 0.179276 0.736842 0.0361842 0.0328947
0 0.426809 0.832237 0.0378289 0.0361842
0 0.900493 0.461349 0.0345395 0.03125
0 0.247533 0.632401 0.0411184 0.0378289
0 0.810033 0.638158 0.03125 0.0296053
0 0.439967 0.570724 0.0345395 0.0328947
0 0.602796 0.822368 0.0378289 0.0361842
0 0.770559 0.651316 0.0279605 0.0263158
0 0.448191 0.79523 0.0345395 0.0345395
0 0.242599 0.765625 0.0444079 0.0444079
0 0.710526 0.612664 0.0328947 0.0378289
0 0.265625 0.515625 0.0476974 0.0411184
0 0.875 0.690789 0.0296053 0.0296053
0 0.462171 0.614309 0.0328947 0.03125
0 0.584704 0.546053 0.0378289 0.0296053
0 0.63898 0.356908 0.0411184 0.0394737
0 0.490132 0.404605 0.0427632 0.0394737
0 0.262336 0.816612 0.0411184 0.0345395
0 0.337993 0.679276 0.0279605 0.0296053
0 0.703947 0.651316 0.0328947 0.0296053
0 0.61102 0.520559 0.0345395 0.0345395
0 0.317434 0.472039 0.0296053 0.0296053
0 0.513158 0.327303 0.0394737 0.0394737
0 0.282072 0.734375 0.0411184 0.0345395
0 0.753289 0.489309 0.0427632 0.0411184
0 0.212171 0.722039 0.0263158 0.0263158
0 0.322368 0.377467 0.0361842 0.0345395
0 0.287829 0.440789 0.0263158 0.0263158
0 0.935033 0.490132 0.0345395 0.0296053
0 0.521382 0.45148 0.0394737 0.0378289
0 0.425164 0.542763 0.03125 0.0328947
0 0.949836 0.570724 0.03125 0.0296053
0 0.333882 0.61102 0.0361842 0.0378289
0 0.216283 0.662829 0.0411184 0.0394737
0 0.625 0.396382 0.0460526 0.0361842
0 0.241776 0.445724 0.0328947 0.0296053
0 0.710526 0.427632 0.0394737 0.0328947
0 0.894737 0.385691 0.0361842 0.0246711
0 0.388158 0.716283 0.0296053 0.03125
0 0.373355 0.666941 0.0328947 0.03125
0 0.287829 0.398849 0.0394737 0.0345395
0 0.73273 0.719572 0.0411184 0.0411184
0 0.160362 0.641447 0.0378289 0.0361842
0 0.966283 0.837171 0.0345395 0.0296053
0 0.912829 0.42023 0.0394737 0.0378289
0 0.448191 0.328947 0.0378289 0.0361842
0 0.563322 0.442434 0.0345395 0.0361842
0 0.399671 0.397204 0.0328947 0.0279605
0 0.3125 0.525493 0.0296053 0.0378289
0 0.865132 0.516447 0.0361842 0.0296053
0 0.894737 0.664474 0.0394737 0.0328947
0 0.246711 0.698191 0.0427632 0.0411184
0 0.864309 0.413651 0.0246711 0.0279605
0 0.381579 0.546053 0.0394737 0.0328947
0 0.575658 0.394737 0.0394737 0.0361842
0 0.976974 0.413651 0.0263158 0.0246711
0 0.860197 0.625 0.0263158 0.0296053
0 0.48602 0.362664 0.0378289 0.0378289
0 0.624178 0.457237 0.0345395 0.0296053
0 0.626645 0.581414 0.0263158 0.0279605
0 0.449013 0.684211 0.0394737 0.0361842
0 0.288651 0.766447 0.0345395 0.0328947
0 0.534539 0.393914 0.0361842 0.03125
0 0.331414 0.347862 0.03125 0.03125
0 0.323191 0.428454 0.0444079 0.0411184
0 0.586349 0.645559 0.0411184 0.0378289
0 0.386513 0.331414 0.0296053 0.0345395
0 0.962171 0.435855 0.0361842 0.0296053
0 0.595395 0.471217 0.0361842 0.03125
0 0.592928 0.571546 0.03125 0.0279605
0 0.919408 0.523026 0.0361842 0.0328947
0 0.561678 0.509868 0.0411184 0.0361842
0 0.409539 0.578947 0.0328947 0.0361842
0 0.307566 0.797697 0.0361842 0.0296053
0 0.555099 0.322368 0.0411184 0.0460526
0 0.327303 0.650493 0.0361842 0.03125
0 0.458059 0.432566 0.0378289 0.0296053
0 0.411184 0.358553 0.0394737 0.0361842
0 0.416118 0.4375 0.0394737 0.0361842
0 0.986842 0.381579 0.0263158 0.0328947
0 0.819079 0.509868 0.0296053 0.0263158
