0 0.396875 0.767187 0.09375 0.103125
0 0.429688 0.495313 0.090625 0.084375
0 0.849219 0.652344 0.114063 0.114063
0 0.491406 0.7875 0.0984375 0.1
0 0.323438 0.146094 0.11875 0.132812
0 0.613281 0.692187 0.0953125 0.078125
0 0.714063 0.322656 0.115625 0.107813
0 0.213281 0.704687 0.110937 0.109375
0 0.0929687 0.414062 0.123438 0.13125
0 0.640625 0.2375 0.128125 0.1125
0 0.80625 0.746875 0.09375 0.090625
0 0.507031 0.683594 0.123438 0.123438
0 0.357812 0.261719 0.115625 0.117188
0 0.930469 0.528125 0.123438 0.1125
0 0.792969 0.582812 0.0921875 0.0875
0 0.364062 0.671094 0.121875 0.110937
0 0.625 0.609375 0.1 0.0875
0 0.332812 0.53125 0.10625 0.1
0 0.755469 0.163281 0.123438 0.135937
0 0.501562 0.428125 0.103125 0.1
0 0.391406 0.3875 0.129688 0.1375
0 0.915625 0.421875 0.115625 0.10625
0 0.265625 0.34375 0.1125 0.096875
0 0.207813 0.528125 0.128125 0.1125
0 0.471875 0.090625 0.13125 0.15
0 0.634375 0.110156 0.125 0.126563
0 0.486719 0.583594 0.126563 0.104687
0 0.840625 0.242188 0.115625 0.109375
0 0.195312 0.410156 0.096875 0.0953125
0 0.0921875 0.534375 0.084375 0.084375
0 0.130469 0.301562 0.129688 0.121875
0 0.145313 0.614844 0.103125 0.104687
0 0.594531 0.365625 0.126563 0.115625
0 0.670313 0.764063 0.090625 0.0875
0 0.580469 0.778906 0.0984375 0.0921875
0 0.2125 0.220313 0.128125 0.121875
0 0.292188 0.444531 0.1 0.0921875
0 0.692187 0.535937 0.084375 0.0875
0 0.29375 0.75625 0.09375 0.084375
0 0.553906 0.515625 0.0953125 0.09375
0 0.5 0.261719 0.11875 0.120312
0 0.739844 0.669531 0.120312 0.110937
0 0.832812 0.352344 0.140625 0.126563
0 0.267188 0.614062 0.121875 0.10625
0 0.836719 0.492188 0.120312 0.1
0 0.692187 0.432813 0.103125 0.115625
