0 0.979688 0.553125 0.040625 0.059375
0 0.716406 0.0890625 0.101562 0.14375
0 0.108594 0.950781 0.182812 0.0984375
0 0.967969 0.504687 0.0640625 0.06875
0 0.96875 0.632812 0.05625 0.1125
0 0.96875 0.521094 0.053125 0.126563
0 0.734375 0.0296875 0.11875 0.053125
0 0.967969 0.791406 0.0640625 0.110937
0 0.107031 0.642969 0.214062 0.198437
0 0.592969 0.644531 0.157813 0.151562
0 0.178125 0.503125 0.146875 0.14375
0 0.314063 0.8125 0.1875 0.184375
0 0.05625 0.486719 0.1125 0.120312
0 0.500781 0.826563 0.170312 0.159375
0 0.589063 0.148438 0.1125 0.115625
0 0.835156 0.853906 0.132812 0.117188
0 0.70625 0.123438 0.14375 0.140625
0 0.755469 0.709375 0.135937 0.14375
0 0.846875 0.265625 0.171875 0.140625
0 0.740625 0.582812 0.159375 0.159375
0 0.890625 0.558594 0.165625 0.157813
0 0.817187 0.405469 0.159375 0.142188
0 0.214844 0.126563 0.185937 0.19375
0 0.628125 0.403125 0.15625 0.15625
0 0.690625 0.85625 0.15 0.15625
0 0.28125 0.639063 0.140625 0.14375
0 0.0929687 0.8625 0.185937 0.175
0 0.530469 0.559375 0.151562 0.14375
0 0.914844 0.709375 0.148438 0.146875
0 0.689062 0.239063 0.175 0.159375
0 0.163281 0.314844 0.195312 0.176563
0 0.455469 0.228125 0.126563 0.134375
0 0.335156 0.488281 0.214062 0.198437
0 0.326562 0.270312 0.18125 0.159375
0 0.466406 0.36875 0.173438 0.1625
0 0.426562 0.669531 0.184375 0.139062
