0 0.245888 0.695724 0.0444079 0.0460526
0 0.59375 0.571546 0.0328947 0.0279605
0 0.625822 0.394737 0.0411184 0.0361842
0 0.263158 0.815789 0.0427632 0.0361842
0 0.400493 0.398026 0.03125 0.0296053
0 0.935855 0.489309 0.0361842 0.0279605
0 0.863487 0.413651 0.0263158 0.0279605
0 0.534539 0.393092 0.0361842 0.0328947
0 0.323191 0.376645 0.0345395 0.0328947
0 0.711349 0.476151 0.0378289 0.0411184
0 0.61102 0.520559 0.0378289 0.0378289
0 0.569901 0.754112 0.03125 0.03125
0 0.584704 0.546053 0.0345395 0.0296053
0 0.216283 0.662829 0.0411184 0.0361842
0 0.32977 0.344572 0.0279605 0.03125
0 0.212993 0.722039 0.0279605 0.0263158
0 0.865132 0.515625 0.0394737 0.0279605
0 0.913651 0.42023 0.0411184 0.0378289
0 0.624178 0.457237 0.0345395 0.0296053
0 0.287829 0.398849 0.0394737 0.0345395
0 0.383224 0.549342 0.0361842 0.0328947
0 0.976151 0.412829 0.0279605 0.0230263
0 0.373355 0.666118 0.0328947 0.0328947
0 0.0740132 0.507401 0.0197368 0.0246711
0 0.563322 0.440789 0.0345395 0.0361842
0 0.734375 0.71875 0.0411184 0.0394737
0 0.921053 0.521382 0.0394737 0.0361842
0 0.967928 0.837171 0.0345395 0.0296053
0 0.161184 0.641447 0.0394737 0.0361842
0 0.313322 0.524671 0.03125 0.0361842
0 0.48602 0.36102 0.0378289 0.0378289
0 0.895559 0.662829 0.0411184 0.0328947
0 0.596217 0.472039 0.0345395 0.0296053
0 0.425987 0.542763 0.0328947 0.0328947
0 0.449836 0.684211 0.0378289 0.0361842
0 0.324013 0.428454 0.0427632 0.0411184
0 0.586349 0.645559 0.0411184 0.0378289
0 0.288651 0.766447 0.0378289 0.0328947
0 0.86102 0.625 0.0246711 0.0296053
0 0.625822 0.581414 0.0279605 0.0279605
0 0.38898 0.71875 0.0279605 0.0296053
0 0.575658 0.393914 0.0394737 0.0378289
0 0.328125 0.649671 0.0345395 0.0296053
0 0.413651 0.35773 0.0411184 0.0345395
0 0.308388 0.796875 0.0378289 0.0279605
0 0.555921 0.322368 0.0361842 0.0394737
0 0.561678 0.509046 0.0411184 0.0378289
0 0.388158 0.331414 0.0361842 0.0345395
0 0.961349 0.435033 0.0378289 0.03125
0 0.409539 0.578947 0.0328947 0.0361842
0 0.416118 0.436678 0.0394737 0.0345395
0 0.819901 0.509046 0.03125 0.0279605
0 0.458882 0.432566 0.0361842 0.0296053
0 0.986842 0.380757 0.0263158 0.0345395
