1 0.522656 0.515625 0.689063 0.628125
1 0.090625 0.531250 0.178125 0.553125

1 0.454770 0.574836 0.675987 0.547697
1 0.898026 0.578125 0.203947 0.564145

1 0.543750 0.564844 0.684375 0.517188
1 0.096875 0.578906 0.190625 0.485938

1 0.505469 0.566406 0.751563 0.573438
1 0.251563 0.240625 0.500000 0.478125
1 0.880469 0.501563 0.073438 0.084375
1 0.832812 0.434375 0.078125 0.078125

1 0.471094 0.575781 0.710938 0.607812
1 0.790625 0.463281 0.093750 0.142187

1 0.482812 0.564844 0.621875 0.542188
1 0.067969 0.587500 0.132812 0.481250

1 0.449219 0.584375 0.670312 0.556250
1 0.894531 0.591406 0.207813 0.542188

1 0.483594 0.585156 0.704688 0.592187

1 0.425781 0.482031 0.692187 0.551562
1 0.038281 0.423438 0.073438 0.193750

1 0.572656 0.429688 0.729688 0.709375
1 0.796094 0.119531 0.276562 0.235937

1 0.495312 0.477344 0.896875 0.673438
1 0.757031 0.215625 0.154688 0.150000
1 0.887500 0.186719 0.100000 0.132812

1 0.533594 0.499219 0.854688 0.685937
1 0.750781 0.149219 0.498437 0.295312

1 0.509375 0.425000 0.959375 0.803125

1 0.518750 0.507031 0.943750 0.757812

1 0.496094 0.426563 0.960938 0.781250

1 0.496094 0.495312 0.939063 0.868750
1 0.780469 0.155469 0.439063 0.307812

1 0.500781 0.478125 0.970313 0.943750
1 0.235937 0.143750 0.465625 0.284375

1 0.295789 0.810495 0.488636 0.298797
1 0.488302 0.499666 0.441845 0.362968
1 0.679813 0.182821 0.413102 0.364305
1 0.735963 0.754345 0.327540 0.326872
1 0.948864 0.726270 0.095588 0.202540
1 0.857286 0.456551 0.285428 0.280749
1 0.938837 0.182821 0.122326 0.306818

1 0.713904 0.561497 0.442513 0.348930
1 0.211564 0.560495 0.420455 0.302807
1 0.119987 0.246992 0.238636 0.324198

1 0.487299 0.561163 0.830214 0.649064

1 0.497660 0.573195 0.912433 0.711898

1 0.446858 0.515709 0.832219 0.742647

1 0.446524 0.429479 0.862299 0.723930
1 0.939171 0.430481 0.114973 0.592246

1 0.668783 0.494987 0.481952 0.389706
1 0.956885 0.494318 0.086230 0.381684
1 0.214906 0.442179 0.428476 0.396390
1 0.334559 0.119652 0.074198 0.068182
1 0.446524 0.121992 0.056150 0.055481
1 0.506016 0.134024 0.041444 0.058155
1 0.391711 0.119318 0.042781 0.060829
1 0.146390 0.087233 0.045455 0.036765
1 0.192513 0.082219 0.036096 0.030749
1 0.267714 0.087901 0.027406 0.026070

1 0.726270 0.478275 0.511364 0.424465
1 0.232620 0.514372 0.459893 0.380348
1 0.218249 0.194519 0.075535 0.066845
1 0.282086 0.190842 0.052139 0.059492
1 0.157754 0.177473 0.045455 0.050134
1 0.039104 0.168783 0.047460 0.027406
1 0.080548 0.164773 0.028743 0.024733

1 0.741979 0.467580 0.505348 0.424465
1 0.241979 0.490307 0.482620 0.388369
1 0.234291 0.175468 0.075535 0.071524
1 0.295455 0.170789 0.050802 0.055481
1 0.056150 0.144719 0.045455 0.022059
1 0.091912 0.142045 0.032754 0.023396
1 0.172460 0.159425 0.045455 0.043449

1 0.537767 0.487634 0.896390 0.778743

1 0.467246 0.493650 0.838235 0.730615

1 0.467246 0.495989 0.827540 0.717914

1 0.453543 0.137032 0.044786 0.036096
1 0.501003 0.140374 0.040775 0.037433
1 0.543449 0.139372 0.040107 0.039439
1 0.599933 0.144719 0.048797 0.043449
1 0.520053 0.176471 0.057487 0.048128
1 0.578543 0.177139 0.048797 0.046791

1 0.457553 0.136364 0.044786 0.037433
1 0.498329 0.135695 0.036765 0.033422
1 0.543115 0.137701 0.039439 0.042781
1 0.599599 0.142045 0.046791 0.042112
1 0.521390 0.179479 0.057487 0.043449
1 0.577874 0.179479 0.047460 0.039439

1 0.453877 0.502674 0.839572 0.806150

1 0.545789 0.493316 0.857620 0.783422

1 0.722928 0.399398 0.333556 0.293449
1 0.338235 0.368650 0.356952 0.321524
1 0.843583 0.623997 0.282086 0.223930
1 0.535762 0.601270 0.332219 0.284091
1 0.178142 0.621658 0.350936 0.300802
1 0.040107 0.383356 0.078877 0.289439

1 0.521390 0.435495 0.954545 0.830882
1 0.866644 0.203543 0.190508 0.167781
1 0.092914 0.181150 0.184492 0.212567
1 0.954545 0.380682 0.088235 0.201203

1 0.518048 0.534425 0.820856 0.785428
1 0.080882 0.354947 0.148396 0.168449

1 0.513369 0.479612 0.958556 0.727941

1 0.482620 0.471925 0.963904 0.719251

1 0.501337 0.442179 0.930481 0.861631

1 0.501003 0.451203 0.963235 0.883690
1 0.809826 0.116979 0.150401 0.121658
1 0.943182 0.154412 0.113636 0.185829

1 0.486297 0.429144 0.940508 0.818182

1 0.464238 0.529412 0.764037 0.617647
1 0.930816 0.546123 0.138369 0.574866

1 0.533422 0.513369 0.835561 0.732620
1 0.062500 0.567513 0.123663 0.506684

1 0.730281 0.511364 0.489973 0.405080
1 0.245321 0.518048 0.487968 0.406417

1 0.501003 0.507687 0.842914 0.693182

1 0.538436 0.266711 0.572861 0.532086
1 0.245655 0.627340 0.489973 0.401738
1 0.745655 0.597259 0.495321 0.417781
1 0.848596 0.301471 0.122326 0.179144
1 0.953209 0.310829 0.082888 0.155080
1 0.920789 0.426136 0.151738 0.131684

1 0.733623 0.727607 0.492647 0.460561
1 0.855281 0.506016 0.146390 0.078877
1 0.487299 0.410428 0.195187 0.172460
1 0.375334 0.542781 0.202540 0.164439
1 0.247995 0.407420 0.221925 0.178476
1 0.054144 0.409425 0.106952 0.210561
1 0.140040 0.544118 0.227941 0.163102

1 0.480949 0.505013 0.931150 0.772059

1 0.492647 0.515040 0.891711 0.701203

1 0.545120 0.483289 0.888369 0.814171
1 0.035428 0.211230 0.068182 0.189840
1 0.076203 0.383356 0.151070 0.195856
1 0.198195 0.221591 0.219920 0.205214

1 0.508690 0.445521 0.931818 0.872326
1 0.904412 0.137701 0.191176 0.274064

1 0.504679 0.478610 0.985294 0.787433
1 0.816845 0.160762 0.149733 0.122326
1 0.331551 0.135027 0.086898 0.081551
1 0.969251 0.178476 0.061497 0.139037
1 0.922126 0.260361 0.116979 0.100936

1 0.478944 0.414773 0.956551 0.825535
1 0.246658 0.058155 0.144385 0.101604
1 0.085561 0.058155 0.164439 0.086898

1 0.475602 0.547460 0.883021 0.693850
1 0.034425 0.379679 0.067513 0.156417

1 0.509024 0.566845 0.943182 0.775401
1 0.813168 0.241310 0.106283 0.092246
1 0.937166 0.240642 0.125668 0.101604
1 0.083890 0.280414 0.088904 0.050134
1 0.044452 0.421457 0.087567 0.227941

1 0.493984 0.556818 0.894385 0.696524
1 0.043449 0.390709 0.077540 0.155749

1 0.506350 0.491644 0.919118 0.722594
1 0.815174 0.207888 0.369652 0.411765
1 0.248329 0.154078 0.495321 0.306818

1 0.515374 0.522393 0.941176 0.766711
1 0.836564 0.193516 0.326872 0.385695
1 0.275401 0.159425 0.534759 0.317513

1 0.545120 0.535094 0.904412 0.614305
1 0.306484 0.211898 0.611631 0.422460
1 0.708890 0.238971 0.120989 0.104947
1 0.868650 0.263035 0.173128 0.099599

1 0.472259 0.484626 0.943182 0.747326

1 0.487299 0.552807 0.848930 0.668449

1 0.536765 0.469920 0.883690 0.679144
1 0.831217 0.195521 0.337567 0.387032
1 0.275735 0.145722 0.550134 0.290107

1 0.471591 0.498663 0.883021 0.852941
1 0.706885 0.841578 0.575535 0.316845
1 0.209225 0.855949 0.411765 0.280080
1 0.206217 0.169118 0.411096 0.334225
1 0.939171 0.387366 0.065508 0.084893
1 0.966578 0.474265 0.066845 0.070187

1 0.496324 0.541110 0.928476 0.793449
1 0.695521 0.888703 0.603610 0.222594

1 0.488636 0.263035 0.473262 0.399064
1 0.757353 0.558489 0.485294 0.423128
1 0.447527 0.820187 0.483289 0.350267
1 0.228610 0.539773 0.455882 0.403075
1 0.096591 0.822527 0.187834 0.346925
1 0.844920 0.837233 0.299465 0.325535

1 0.727607 0.389037 0.364305 0.314171
1 0.305147 0.396725 0.372326 0.320187
1 0.187166 0.643382 0.350267 0.266711
1 0.535094 0.632687 0.330882 0.281417
1 0.961230 0.446858 0.066845 0.264037
1 0.847928 0.656083 0.297460 0.300134

1 0.518382 0.495321 0.953877 0.755348
1 0.203543 0.210561 0.234626 0.175134
1 0.801136 0.190842 0.218583 0.143717

1 0.474599 0.505013 0.902406 0.778743
1 0.225267 0.885695 0.445187 0.228610
1 0.724265 0.899398 0.548797 0.201203

1 0.470588 0.426136 0.939840 0.850936
1 0.185829 0.168783 0.133690 0.167781
1 0.048797 0.368984 0.096257 0.209893
1 0.858623 0.168115 0.190508 0.147727

1 0.481283 0.426471 0.930481 0.844920
1 0.185160 0.172794 0.128342 0.167781
1 0.048128 0.356618 0.094920 0.193182
1 0.849265 0.159091 0.167781 0.118984

1 0.501671 0.570187 0.885695 0.695187

1 0.494652 0.496992 0.906417 0.780080
1 0.870321 0.232620 0.172460 0.157754
1 0.978610 0.239973 0.042781 0.113636
1 0.197193 0.227273 0.196524 0.153743
1 0.051805 0.224265 0.096925 0.145053

1 0.508356 0.588235 0.963235 0.754011

1 0.495655 0.510695 0.872326 0.854278

1 0.528075 0.478944 0.930481 0.794786
1 0.884358 0.223930 0.139037 0.086898
1 0.233289 0.226939 0.189840 0.161096
1 0.069519 0.199198 0.133690 0.116310

1 0.470922 0.554813 0.935160 0.736631
1 0.806818 0.195856 0.386364 0.390374
1 0.170120 0.205548 0.338904 0.409759

1 0.477273 0.481283 0.851604 0.838235

1 0.491644 0.473930 0.955214 0.744652
1 0.916444 0.291110 0.088235 0.100936
1 0.984626 0.300134 0.030749 0.108289
1 0.961230 0.407086 0.077540 0.112299

1 0.780080 0.497660 0.248663 0.203877
1 0.896725 0.667112 0.203877 0.212567
1 0.663436 0.687500 0.277406 0.211898
1 0.513369 0.521725 0.254011 0.247995
1 0.364973 0.694184 0.283422 0.219920
1 0.229278 0.525067 0.303476 0.250668
1 0.080882 0.688837 0.152406 0.227941

1 0.525401 0.502340 0.942513 0.762701
1 0.954880 0.341912 0.090241 0.122326
1 0.975267 0.438503 0.046791 0.110963

1 0.512701 0.472928 0.939840 0.793449
1 0.213904 0.158088 0.426471 0.312166
1 0.789439 0.163770 0.421123 0.326203

1 0.500000 0.486297 0.917112 0.754679
1 0.247660 0.145722 0.493984 0.280749
1 0.810495 0.170120 0.379011 0.338904

1 0.494987 0.506350 0.953877 0.816176
1 0.168115 0.830548 0.326872 0.322861
1 0.727941 0.855615 0.534759 0.283422

1 0.455548 0.468249 0.909759 0.719920
1 0.779078 0.164104 0.441845 0.326872
1 0.950535 0.513369 0.098930 0.401070

1 0.454545 0.465241 0.907754 0.703209
1 0.792447 0.171791 0.415107 0.339572
1 0.948195 0.516711 0.098262 0.394385

1 0.515374 0.510027 0.962567 0.848930
1 0.247995 0.859626 0.485294 0.280749
1 0.763369 0.861631 0.458556 0.272727

1 0.508021 0.471591 0.890374 0.758690
1 0.271725 0.176805 0.542112 0.352273
1 0.955214 0.218917 0.084225 0.209225
1 0.958222 0.394719 0.080882 0.146390

1 0.502005 0.446858 0.990642 0.887032

1 0.485294 0.509024 0.893048 0.821524
1 0.216243 0.893717 0.423128 0.212567
1 0.724933 0.816176 0.539439 0.366310
1 0.935160 0.433824 0.122995 0.187166
1 0.945187 0.587567 0.098930 0.169786

1 0.493316 0.441845 0.985294 0.782086
1 0.148730 0.111297 0.290775 0.218583
1 0.854947 0.206885 0.066845 0.070187

1 0.516043 0.467246 0.443850 0.398396
1 0.273730 0.747326 0.429813 0.352941
1 0.702540 0.726604 0.430481 0.346257
1 0.811497 0.486631 0.147059 0.169786
1 0.952206 0.501003 0.095588 0.183824
1 0.883021 0.605949 0.191176 0.146390

1 0.542112 0.486965 0.818182 0.738636

1 0.471925 0.377005 0.875668 0.750000
1 0.252340 0.800134 0.499332 0.399733
1 0.789773 0.780414 0.417781 0.439171

1 0.478275 0.495321 0.884358 0.810160
1 0.202206 0.884693 0.397727 0.230615
1 0.715909 0.822527 0.554813 0.354947
1 0.929144 0.416444 0.106952 0.179144
1 0.956885 0.581217 0.086230 0.161096

1 0.530080 0.526404 0.937166 0.789439
1 0.206217 0.166778 0.407086 0.332219
1 0.792447 0.188503 0.415107 0.375668

1 0.518382 0.477941 0.948529 0.815508
1 0.184826 0.143382 0.358957 0.285428
1 0.789439 0.187500 0.421123 0.362968

1 0.494652 0.475602 0.927807 0.820187
1 0.250334 0.869652 0.495321 0.260695
1 0.792781 0.829880 0.409091 0.340241

1 0.478610 0.485294 0.955882 0.897059
1 0.204211 0.853275 0.407086 0.292112
1 0.781417 0.901738 0.437166 0.195187

1 0.499332 0.471257 0.909091 0.699198
1 0.208556 0.176471 0.401070 0.351604
1 0.758021 0.166444 0.483957 0.331551

1 0.497995 0.463570 0.994652 0.774733
1 0.169118 0.143048 0.335561 0.284759
1 0.761698 0.145722 0.476604 0.275401

1 0.492981 0.467580 0.924465 0.818850
1 0.257687 0.871658 0.506016 0.256684
1 0.789104 0.828877 0.419118 0.342246

1 0.493650 0.523061 0.941845 0.883021
1 0.103275 0.340575 0.205214 0.388369

1 0.500000 0.577760 0.731066 0.558320
1 0.040958 0.664852 0.078825 0.337481
1 0.250386 0.252722 0.497682 0.486781
1 0.822257 0.438569 0.080371 0.077760
1 0.866306 0.509331 0.075734 0.076205

1 0.511698 0.322861 0.499332 0.457219
1 0.099933 0.318182 0.197193 0.477273
1 0.269051 0.626671 0.491310 0.362968
1 0.903075 0.345922 0.184492 0.392380
1 0.772059 0.633690 0.449198 0.381016

