0 0.978125 0.554688 0.04375 0.06875
0 0.639844 0.652344 0.0703125 0.0921875
0 0.971875 0.39375 0.05625 0.09375
0 0.577344 0.678906 0.104687 0.0765625
0 0.421875 0.935156 0.109375 0.129688
0 0.958594 0.776563 0.0828125 0.109375
0 0.963281 0.629687 0.0734375 0.1125
0 0.109375 0.954687 0.178125 0.090625
0 0.966406 0.499219 0.0609375 0.0703125
0 0.585156 0.653906 0.129688 0.135937
0 0.7375 0.0265625 0.128125 0.053125
0 0.970312 0.789844 0.05 0.132812
0 0.105469 0.655469 0.207813 0.217187
0 0.174219 0.505469 0.139062 0.148438
0 0.317969 0.822656 0.189063 0.176563
0 0.5875 0.153906 0.1125 0.120312
0 0.841406 0.853906 0.142188 0.123438
0 0.0609375 0.489062 0.121875 0.13125
0 0.760938 0.711719 0.153125 0.142188
0 0.532812 0.560938 0.153125 0.1625
0 0.900781 0.553125 0.179688 0.1625
0 0.339063 0.49375 0.2125 0.190625
0 0.713281 0.122656 0.142188 0.142188
0 0.5 0.814844 0.16875 0.176563
0 0.0914062 0.864844 0.182812 0.210938
0 0.744531 0.589063 0.157813 0.175
0 0.283594 0.639063 0.145313 0.153125
0 0.850781 0.264062 0.167187 0.16875
0 0.423438 0.667188 0.18125 0.171875
0 0.913281 0.710156 0.151562 0.145313
0 0.213281 0.121094 0.195312 0.207813
0 0.161719 0.321875 0.210938 0.196875
0 0.621875 0.407031 0.159375 0.176563
0 0.324219 0.269531 0.189063 0.185937
0 0.6875 0.238281 0.15625 0.173438
0 0.475781 0.364062 0.182812 0.171875
0 0.8125 0.40625 0.159375 0.159375
0 0.457031 0.227344 0.114063 0.151562
0 0.697656 0.851562 0.154687 0.159375
