0 0.979688 0.496094 0.040625 0.167187
0 0.0570313 0.442969 0.0859375 0.220313
0 0.807031 0.652344 0.170312 0.157813
0 0.982813 0.496875 0.03125 0.2
0 0.808594 0.650781 0.207813 0.164062
0 0.05625 0.428125 0.1125 0.175
0 0.0617188 0.428125 0.123438 0.234375
0 0.0445312 0.428906 0.0890625 0.182812
0 0.250781 0.621094 0.254687 0.254687
0 0.810938 0.683594 0.221875 0.201562
0 0.0515625 0.428125 0.103125 0.203125
0 0.755469 0.449219 0.254687 0.220313
0 0.0460938 0.432813 0.0890625 0.203125
0 0.56875 0.684375 0.228125 0.228125
0 0.799219 0.670313 0.201562 0.159375
0 0.766406 0.444531 0.182812 0.160938
0 0.2125 0.639063 0.240625 0.240625
0 0.229687 0.607813 0.246875 0.221875
0 0.214844 0.610156 0.304688 0.276563
0 0.528906 0.409375 0.345313 0.315625
0 0.49375 0.404687 0.3375 0.30625
0 0.748438 0.457812 0.178125 0.16875
0 0.589844 0.655469 0.254687 0.251563
0 0.571094 0.6625 0.254687 0.20625
0 0.224219 0.621875 0.289062 0.23125
0 0.760938 0.45 0.184375 0.21875
0 0.760156 0.450781 0.210938 0.192188
0 0.565625 0.671875 0.26875 0.246875
0 0.799219 0.659375 0.242188 0.2375
