0 0.336719 0.252344 0.189063 0.148438
0 0.971875 0.536719 0.05625 0.104687
0 0.607813 0.639844 0.171875 0.132812
0 0.878906 0.553125 0.154687 0.171875
0 0.972656 0.635938 0.0515625 0.103125
0 0.979688 0.553125 0.040625 0.059375
0 0.957031 0.627344 0.0828125 0.0921875
0 0.810938 0.401563 0.115625 0.1625
0 0.972656 0.64375 0.0546875 0.121875
0 0.969531 0.65 0.0578125 0.125
0 0.828125 0.398438 0.184375 0.109375
0 0.71875 0.114844 0.121875 0.120312
0 0.615625 0.403125 0.11875 0.140625
0 0.964844 0.646094 0.0703125 0.110937
0 0.628125 0.400781 0.178125 0.139062
0 0.0898438 0.959375 0.179688 0.08125
0 0.090625 0.853906 0.18125 0.145313
0 0.332031 0.480469 0.157813 0.167187
0 0.354688 0.488281 0.209375 0.185937
0 0.155469 0.314063 0.182812 0.15
0 0.452344 0.227344 0.129688 0.107813
0 0.972656 0.536719 0.0421875 0.114063
0 0.0898438 0.965625 0.176563 0.06875
0 0.8125 0.388281 0.15625 0.142188
0 0.325781 0.816406 0.176563 0.132812
0 0.970312 0.514844 0.053125 0.107813
0 0.21875 0.111719 0.159375 0.173438
0 0.497656 0.811719 0.154687 0.201562
0 0.96875 0.621094 0.053125 0.0859375
0 0.471094 0.382031 0.132812 0.157813
0 0.188281 0.517969 0.139062 0.114063
0 0.0984375 0.866406 0.196875 0.129688
0 0.3375 0.478125 0.2 0.15
0 0.342969 0.508594 0.154687 0.167187
0 0.274219 0.641406 0.117188 0.132812
0 0.158594 0.317187 0.154687 0.178125
0 0.0976562 0.65625 0.185937 0.140625
0 0.847656 0.28125 0.160938 0.15625
0 0.955469 0.632031 0.0890625 0.101562
0 0.901563 0.557813 0.13125 0.15625
0 0.214062 0.133594 0.215625 0.176563
0 0.760156 0.717969 0.123438 0.114063
0 0.0921875 0.659375 0.184375 0.18125
0 0.178125 0.30625 0.16875 0.146875
0 0.958594 0.632031 0.0828125 0.120312
0 0.1 0.869531 0.153125 0.164062
0 0.902344 0.557813 0.148438 0.13125
0 0.716406 0.0890625 0.101562 0.14375
0 0.614062 0.4 0.146875 0.15
0 0.967969 0.622656 0.0640625 0.0921875
0 0.0632813 0.496094 0.117188 0.117188
0 0.100781 0.955469 0.195312 0.0890625
0 0.104687 0.932813 0.1875 0.134375
0 0.720312 0.0882813 0.146875 0.157813
0 0.05625 0.49375 0.1 0.10625
0 0.7 0.241406 0.19375 0.135937
0 0.338281 0.280469 0.157813 0.139062
0 0.967969 0.507812 0.0453125 0.090625
0 0.963281 0.514063 0.0734375 0.1
0 0.109375 0.946094 0.215625 0.107813
0 0.0867188 0.865625 0.173438 0.14375
0 0.741406 0.025 0.107813 0.05
0 0.078125 0.867969 0.153125 0.179688
0 0.101562 0.644531 0.184375 0.170312
0 0.10625 0.946875 0.2 0.10625
0 0.966406 0.779688 0.0671875 0.1125
0 0.967969 0.632031 0.0640625 0.0984375
0 0.967969 0.527344 0.0640625 0.129688
0 0.590625 0.655469 0.14375 0.145313
0 0.967188 0.63125 0.059375 0.090625
0 0.108594 0.950781 0.182812 0.0984375
0 0.967188 0.500781 0.05625 0.0859375
0 0.45625 0.236719 0.1125 0.117188
0 0.967969 0.504687 0.0640625 0.06875
0 0.277344 0.652344 0.126563 0.107813
0 0.967188 0.78125 0.065625 0.146875
0 0.686719 0.23125 0.151562 0.15625
0 0.707812 0.120312 0.125 0.1125
0 0.970312 0.515625 0.059375 0.08125
0 0.317969 0.804688 0.170312 0.15625
0 0.220313 0.115625 0.190625 0.146875
0 0.771094 0.700781 0.142188 0.160938
0 0.475 0.355469 0.159375 0.154687
0 0.965625 0.514844 0.06875 0.123438
0 0.9625 0.628906 0.075 0.104687
0 0.739844 0.0304688 0.0953125 0.0609375
0 0.96875 0.632812 0.05625 0.1125
0 0.819531 0.400781 0.135937 0.132812
0 0.317187 0.824219 0.165625 0.160938
0 0.908594 0.70625 0.145313 0.125
0 0.102344 0.635938 0.204688 0.178125
0 0.73125 0.0351562 0.103125 0.0703125
0 0.845312 0.853125 0.1125 0.096875
0 0.171094 0.499219 0.117188 0.129688
0 0.910156 0.704687 0.117188 0.159375
0 0.817187 0.407813 0.178125 0.159375
0 0.475 0.369531 0.146875 0.151562
0 0.848437 0.264062 0.15 0.184375
0 0.740625 0.0304688 0.1125 0.0609375
0 0.20625 0.117188 0.1875 0.1625
0 0.329688 0.28125 0.14375 0.15625
0 0.107031 0.659375 0.201562 0.196875
0 0.842188 0.264062 0.13125 0.153125
0 0.969531 0.525781 0.0609375 0.110937
0 0.96875 0.521094 0.053125 0.126563
0 0.634375 0.407813 0.128125 0.159375
0 0.429688 0.679688 0.16875 0.1375
0 0.973437 0.798437 0.053125 0.140625
0 0.735156 0.028125 0.123438 0.05625
0 0.732031 0.0367187 0.123438 0.0734375
0 0.734375 0.0296875 0.11875 0.053125
0 0.971875 0.788281 0.053125 0.117188
0 0.970312 0.789062 0.059375 0.128125
0 0.180469 0.490625 0.139062 0.146875
0 0.719531 0.114063 0.160938 0.153125
0 0.697656 0.84375 0.164062 0.153125
0 0.178125 0.496875 0.15625 0.1125
0 0.967969 0.791406 0.0640625 0.110937
0 0.201562 0.132031 0.178125 0.160938
0 0.114844 0.646875 0.229687 0.221875
0 0.501562 0.821875 0.165625 0.13125
0 0.0914062 0.878906 0.182812 0.176563
0 0.339063 0.26875 0.1625 0.18125
0 0.0617188 0.485156 0.114063 0.145313
0 0.333594 0.494531 0.173438 0.176563
0 0.596875 0.147656 0.11875 0.129688
0 0.107031 0.642969 0.214062 0.198437
0 0.495313 0.825781 0.13125 0.139062
0 0.821875 0.392188 0.1625 0.15625
0 0.732031 0.580469 0.148438 0.132812
0 0.0984375 0.867969 0.196875 0.210938
0 0.590625 0.646875 0.175 0.175
0 0.505469 0.817969 0.151562 0.154687
0 0.592969 0.644531 0.157813 0.151562
0 0.758594 0.715625 0.157813 0.14375
0 0.692187 0.244531 0.14375 0.157813
0 0.589844 0.146094 0.0984375 0.0984375
0 0.178125 0.503125 0.146875 0.14375
0 0.84375 0.85 0.140625 0.134375
0 0.314063 0.8125 0.1875 0.184375
0 0.4625 0.234375 0.1375 0.11875
0 0.0617188 0.4875 0.123438 0.128125
0 0.339063 0.496094 0.196875 0.148438
0 0.05625 0.486719 0.1125 0.120312
0 0.500781 0.826563 0.170312 0.159375
0 0.715625 0.122656 0.146875 0.123438
0 0.589063 0.148438 0.1125 0.115625
0 0.890625 0.558594 0.1375 0.142188
0 0.835156 0.853906 0.132812 0.117188
0 0.764844 0.7125 0.142188 0.125
0 0.283594 0.642969 0.135937 0.120312
0 0.70625 0.123438 0.14375 0.140625
0 0.691406 0.854688 0.142188 0.115625
0 0.698438 0.857813 0.13125 0.140625
0 0.165625 0.311719 0.209375 0.214062
0 0.755469 0.709375 0.135937 0.14375
0 0.846875 0.265625 0.171875 0.140625
0 0.740625 0.582812 0.159375 0.159375
0 0.890625 0.558594 0.165625 0.157813
0 0.817187 0.405469 0.159375 0.142188
0 0.214844 0.126563 0.185937 0.19375
0 0.628125 0.403125 0.15625 0.15625
0 0.690625 0.85625 0.15 0.15625
0 0.28125 0.639063 0.140625 0.14375
0 0.0929687 0.8625 0.185937 0.175
0 0.530469 0.559375 0.151562 0.14375
0 0.914844 0.709375 0.148438 0.146875
0 0.689062 0.239063 0.175 0.159375
0 0.463281 0.3625 0.148438 0.159375
0 0.163281 0.314844 0.195312 0.176563
0 0.432031 0.664062 0.151562 0.1625
0 0.455469 0.228125 0.126563 0.134375
0 0.335156 0.488281 0.214062 0.198437
0 0.326562 0.270312 0.18125 0.159375
0 0.466406 0.36875 0.173438 0.1625
0 0.426562 0.669531 0.184375 0.139062
