0 0.679688 0.967188 0.140625 0.0625
0 0.485938 0.859375 0.05625 0.05
0 0.629687 0.772656 0.13125 0.0921875
0 0.43125 0.492188 0.090625 0.09375
0 0.929688 0.525781 0.121875 0.120312
0 0.514063 0.690625 0.10625 0.10625
0 0.491406 0.789844 0.0890625 0.0921875
0 0.582812 0.778125 0.0875 0.09375
0 0.715625 0.326562 0.10625 0.115625
0 0.805469 0.748438 0.0921875 0.090625
0 0.84375 0.658594 0.1125 0.120312
0 0.614844 0.694531 0.0828125 0.0796875
0 0.294531 0.758594 0.0890625 0.0828125
0 0.33125 0.535156 0.08125 0.0921875
0 0.8375 0.492969 0.115625 0.101562
0 0.317969 0.151562 0.129688 0.121875
0 0.471875 0.0921875 0.125 0.15
0 0.5 0.423438 0.1 0.109375
0 0.388281 0.389062 0.126563 0.128125
0 0.214062 0.707031 0.115625 0.110937
0 0.917188 0.421875 0.109375 0.10625
0 0.486719 0.585156 0.114063 0.101562
0 0.549219 0.517187 0.0984375 0.1
0 0.20625 0.525 0.125 0.146875
0 0.366406 0.675 0.123438 0.109375
0 0.829687 0.354688 0.125 0.115625
0 0.194531 0.420312 0.0921875 0.1
0 0.625 0.609375 0.103125 0.103125
0 0.360938 0.2625 0.11875 0.115625
0 0.788281 0.585938 0.0953125 0.0875
0 0.74375 0.664062 0.121875 0.1125
0 0.635938 0.114844 0.13125 0.132812
0 0.215625 0.225 0.128125 0.125
0 0.0921875 0.536719 0.08125 0.0859375
0 0.755469 0.171875 0.114063 0.13125
0 0.838281 0.24375 0.110937 0.1125
0 0.144531 0.614062 0.101562 0.103125
0 0.595312 0.365625 0.121875 0.11875
0 0.266406 0.345313 0.101562 0.096875
0 0.670313 0.766406 0.096875 0.0890625
0 0.132812 0.303906 0.128125 0.123438
0 0.501562 0.263281 0.13125 0.132812
0 0.294531 0.446875 0.0890625 0.0875
0 0.269531 0.614062 0.123438 0.1125
0 0.642187 0.239063 0.11875 0.11875
0 0.0929687 0.423438 0.110937 0.1375
0 0.691406 0.5375 0.0828125 0.084375
0 0.692969 0.432813 0.107813 0.1125
