0 0.396094 0.239063 0.026562 0.025000
0 0.446875 0.233594 0.034375 0.032813
0 0.360938 0.253906 0.040625 0.039062
0 0.324219 0.289844 0.032813 0.029687
0 0.253906 0.318750 0.035937 0.034375
0 0.223438 0.347656 0.031250 0.029687
0 0.242969 0.371094 0.029687 0.029687
0 0.272656 0.356250 0.042188 0.040625
0 0.303125 0.335938 0.025000 0.028125
0 0.421875 0.249219 0.034375 0.032813
0 0.396875 0.268750 0.031250 0.028125
0 0.351562 0.310937 0.040625 0.040625
0 0.335156 0.345313 0.029687 0.031250
0 0.396094 0.301563 0.042188 0.037500
0 0.461719 0.264062 0.032813 0.031250
0 0.500000 0.225000 0.034375 0.031250
0 0.539844 0.221094 0.039062 0.035937
0 0.519531 0.256250 0.042188 0.037500
0 0.604688 0.231250 0.034375 0.031250
0 0.573438 0.239844 0.028125 0.032813
0 0.560156 0.264844 0.039062 0.042188
0 0.534375 0.287500 0.028125 0.031250
0 0.498437 0.292187 0.040625 0.040625
0 0.439844 0.296094 0.039062 0.039062
0 0.382812 0.334375 0.028125 0.028125
0 0.414844 0.339062 0.035937 0.040625
0 0.454688 0.336719 0.043750 0.042188
0 0.484375 0.360156 0.040625 0.032813
0 0.497656 0.332813 0.023438 0.021875
0 0.565625 0.300781 0.031250 0.029687
0 0.614844 0.272656 0.029687 0.032813
0 0.636719 0.232031 0.029687 0.029687
0 0.667969 0.241406 0.032813 0.029687
0 0.696094 0.256250 0.029687 0.028125
0 0.646094 0.278125 0.032813 0.034375
0 0.714063 0.277344 0.025000 0.026562
0 0.686719 0.283594 0.029687 0.026562
0 0.738281 0.295312 0.029687 0.028125
0 0.700781 0.315625 0.032813 0.028125
0 0.660156 0.306250 0.029687 0.028125
0 0.625000 0.311719 0.031250 0.032813
0 0.596094 0.317188 0.026562 0.025000
0 0.570312 0.335156 0.031250 0.029687
0 0.523438 0.344531 0.028125 0.023438
0 0.600781 0.343750 0.029687 0.028125
0 0.634375 0.357031 0.034375 0.042188
0 0.547656 0.367188 0.026562 0.031250
0 0.520312 0.368750 0.028125 0.025000
0 0.506250 0.393750 0.031250 0.031250
0 0.775781 0.332813 0.042188 0.040625
0 0.738281 0.341406 0.032813 0.032813
0 0.698438 0.345313 0.043750 0.031250
0 0.807813 0.359375 0.034375 0.037500
0 0.764062 0.364063 0.025000 0.025000
0 0.738281 0.370312 0.026562 0.025000
0 0.714844 0.383594 0.032813 0.029687
0 0.677344 0.389844 0.039062 0.039062
0 0.631250 0.394531 0.028125 0.026562
0 0.546875 0.409375 0.034375 0.034375
0 0.333594 0.371875 0.029687 0.025000
0 0.296094 0.391406 0.026562 0.029687
0 0.264844 0.399219 0.035937 0.035937
0 0.215625 0.393750 0.025000 0.025000
0 0.232031 0.418750 0.026562 0.028125
0 0.207031 0.434375 0.032813 0.034375
0 0.188281 0.456250 0.029687 0.028125
0 0.259375 0.435156 0.031250 0.029687
0 0.300000 0.429688 0.040625 0.037500
0 0.332813 0.418750 0.037500 0.037500
0 0.384375 0.366406 0.031250 0.032813
0 0.368750 0.397656 0.031250 0.023438
0 0.410938 0.381250 0.034375 0.031250
0 0.443750 0.390625 0.031250 0.037500
0 0.404687 0.417969 0.040625 0.039062
0 0.460156 0.422656 0.045312 0.035937
0 0.506250 0.425781 0.037500 0.029687
0 0.601562 0.373437 0.031250 0.028125
0 0.232031 0.455469 0.035937 0.035937
0 0.260937 0.466406 0.021875 0.026562
0 0.289062 0.464062 0.034375 0.034375
0 0.839844 0.395313 0.039062 0.028125
0 0.804688 0.390625 0.028125 0.025000
0 0.762500 0.388281 0.025000 0.023438
0 0.837500 0.431250 0.043750 0.037500
0 0.796875 0.425781 0.034375 0.035937
0 0.754687 0.418750 0.031250 0.028125
0 0.705469 0.414844 0.035937 0.032813
0 0.726562 0.432812 0.028125 0.025000
0 0.610156 0.416406 0.029687 0.029687
0 0.632812 0.423438 0.031250 0.031250
0 0.666406 0.436719 0.026562 0.029687
0 0.767969 0.446875 0.035937 0.034375
0 0.814063 0.460938 0.034375 0.034375
0 0.842187 0.473438 0.028125 0.025000
0 0.565625 0.435937 0.028125 0.025000
0 0.540625 0.462500 0.043750 0.043750
0 0.496875 0.463281 0.040625 0.039062
0 0.453906 0.459375 0.035937 0.034375
0 0.428906 0.443750 0.029687 0.028125
0 0.395313 0.453125 0.037500 0.031250
0 0.350000 0.454688 0.046875 0.037500
0 0.314844 0.482812 0.029687 0.025000
0 0.207031 0.487500 0.035937 0.034375
0 0.239844 0.491406 0.026562 0.026562
0 0.350000 0.495312 0.034375 0.034375
0 0.426563 0.478125 0.034375 0.034375
0 0.459375 0.494531 0.031250 0.035937
0 0.600000 0.470313 0.034375 0.034375
0 0.638281 0.473438 0.032813 0.034375
0 0.674219 0.470313 0.039062 0.037500
0 0.712500 0.468750 0.028125 0.028125
0 0.741406 0.485156 0.039062 0.035937
0 0.780469 0.487500 0.035937 0.034375
0 0.850781 0.503906 0.035937 0.032813
0 0.813281 0.514844 0.035937 0.032813
0 0.780469 0.521875 0.029687 0.031250
0 0.699219 0.492969 0.029687 0.026562
0 0.725781 0.518750 0.032813 0.031250
0 0.690625 0.527344 0.028125 0.029687
0 0.660156 0.503125 0.032813 0.034375
0 0.616406 0.500000 0.032813 0.031250
0 0.577344 0.499219 0.023438 0.026562
0 0.537500 0.517188 0.037500 0.037500
0 0.497656 0.503125 0.042188 0.037500
0 0.428906 0.512500 0.032813 0.031250
0 0.395313 0.504687 0.025000 0.025000
0 0.324219 0.509375 0.032813 0.028125
0 0.265625 0.516406 0.034375 0.035937
0 0.221094 0.512500 0.029687 0.025000
0 0.182812 0.521094 0.034375 0.035937
0 0.166406 0.482031 0.026562 0.026562
0 0.160938 0.503125 0.037500 0.034375
0 0.154688 0.533594 0.040625 0.035937
0 0.175000 0.557813 0.025000 0.025000
0 0.184375 0.587500 0.037500 0.034375
0 0.022656 0.325000 0.042188 0.037500
0 0.032031 0.357812 0.026562 0.028125
0 0.067187 0.371094 0.037500 0.042188
0 0.106250 0.392188 0.040625 0.037500
0 0.121094 0.432031 0.048438 0.042188
0 0.138281 0.467969 0.029687 0.032813
0 0.072656 0.425000 0.045312 0.040625
0 0.030469 0.423438 0.035937 0.034375
0 0.047656 0.454688 0.035937 0.037500
0 0.056250 0.488281 0.043750 0.032813
0 0.020313 0.490625 0.037500 0.043750
0 0.019531 0.531250 0.035937 0.028125
0 0.065625 0.518750 0.037500 0.025000
0 0.091406 0.461719 0.032813 0.029687
0 0.116406 0.499219 0.048438 0.042188
0 0.112500 0.555469 0.031250 0.032813
0 0.147656 0.567969 0.039062 0.035937
0 0.150781 0.605469 0.035937 0.032813
0 0.116406 0.596875 0.035937 0.034375
0 0.082031 0.567187 0.042188 0.043750
0 0.050000 0.547656 0.034375 0.029687
0 0.021094 0.571875 0.039062 0.046875
0 0.082031 0.608594 0.035937 0.042188
0 0.048438 0.634375 0.043750 0.040625
0 0.097656 0.641406 0.039062 0.035937
0 0.139063 0.644531 0.040625 0.039062
0 0.114844 0.678906 0.045312 0.039062
0 0.068750 0.674219 0.040625 0.039062
0 0.015625 0.660937 0.028125 0.037500
0 0.032031 0.695312 0.035937 0.034375
0 0.100000 0.717969 0.043750 0.039062
0 0.061719 0.725000 0.035937 0.028125
0 0.056250 0.752344 0.031250 0.032813
0 0.025000 0.730469 0.034375 0.032813
0 0.025000 0.771094 0.031250 0.029687
0 0.207813 0.546094 0.034375 0.035937
0 0.240625 0.539062 0.031250 0.031250
0 0.230469 0.567969 0.032813 0.029687
0 0.217188 0.604688 0.037500 0.034375
0 0.212500 0.638281 0.034375 0.032813
0 0.213281 0.675781 0.032813 0.032813
0 0.282031 0.567969 0.035937 0.039062
0 0.270313 0.610156 0.040625 0.035937
0 0.250000 0.639844 0.025000 0.029687
0 0.237500 0.686719 0.028125 0.029687
0 0.278125 0.649219 0.028125 0.029687
0 0.266406 0.682813 0.039062 0.037500
0 0.255469 0.714844 0.032813 0.026562
0 0.269531 0.740625 0.029687 0.028125
0 0.319531 0.551562 0.029687 0.031250
0 0.308594 0.597656 0.029687 0.029687
0 0.313281 0.625000 0.023438 0.021875
0 0.303125 0.671094 0.031250 0.035937
0 0.310937 0.733594 0.031250 0.026562
0 0.302344 0.759375 0.029687 0.025000
0 0.336719 0.578125 0.039062 0.034375
0 0.349219 0.547656 0.026562 0.026562
0 0.342969 0.612500 0.032813 0.034375
0 0.348438 0.650781 0.028125 0.026562
0 0.357812 0.682813 0.037500 0.031250
0 0.324219 0.696875 0.029687 0.021875
0 0.333594 0.723437 0.026562 0.028125
0 0.365625 0.714063 0.031250 0.031250
0 0.328125 0.753125 0.025000 0.028125
0 0.348438 0.782813 0.031250 0.028125
0 0.324219 0.774219 0.020313 0.020313
0 0.377344 0.746094 0.035937 0.039062
0 0.399219 0.690625 0.035937 0.034375
0 0.377344 0.551562 0.032813 0.031250
0 0.417187 0.544531 0.040625 0.035937
0 0.396875 0.578125 0.037500 0.034375
0 0.414844 0.602344 0.026562 0.026562
0 0.410156 0.656250 0.035937 0.037500
0 0.394531 0.792188 0.032813 0.034375
0 0.407031 0.764062 0.029687 0.025000
0 0.428906 0.743750 0.032813 0.028125
0 0.435937 0.776563 0.028125 0.031250
0 0.434375 0.694531 0.028125 0.029687
0 0.441406 0.587500 0.032813 0.037500
0 0.437500 0.628906 0.037500 0.039062
0 0.453906 0.667969 0.029687 0.035937
0 0.457031 0.714844 0.039062 0.042188
0 0.459375 0.759375 0.028125 0.025000
0 0.469531 0.801562 0.026562 0.031250
0 0.486719 0.769531 0.029687 0.029687
0 0.500781 0.747656 0.032813 0.029687
0 0.507031 0.714844 0.035937 0.042188
0 0.455469 0.539844 0.029687 0.032813
0 0.494531 0.539062 0.029687 0.028125
0 0.478906 0.575781 0.035937 0.039062
0 0.493750 0.623437 0.040625 0.043750
0 0.489063 0.675781 0.034375 0.035937
0 0.524219 0.542969 0.026562 0.026562
0 0.510156 0.566406 0.029687 0.026562
0 0.525781 0.594531 0.026562 0.032813
0 0.546094 0.567187 0.029687 0.034375
0 0.563281 0.538281 0.023438 0.029687
0 0.589844 0.529687 0.026562 0.028125
0 0.617969 0.530469 0.032813 0.029687
0 0.655469 0.550781 0.026562 0.026562
0 0.686719 0.560937 0.026562 0.028125
0 0.719531 0.550781 0.035937 0.035937
0 0.755469 0.544531 0.039062 0.032813
0 0.805469 0.553125 0.039062 0.037500
0 0.850000 0.538281 0.040625 0.035937
0 0.892969 0.538281 0.039062 0.035937
0 0.944531 0.528906 0.035937 0.032813
0 0.983594 0.524219 0.032813 0.032813
0 0.987500 0.560156 0.025000 0.026562
0 0.586719 0.560937 0.029687 0.028125
0 0.617969 0.572656 0.023438 0.020313
0 0.655469 0.583594 0.045312 0.045312
0 0.543750 0.622656 0.034375 0.035937
0 0.516406 0.650000 0.029687 0.034375
0 0.520312 0.679688 0.025000 0.025000
0 0.528906 0.755469 0.032813 0.032813
0 0.520312 0.791406 0.031250 0.026562
0 0.571875 0.592969 0.031250 0.029687
0 0.581250 0.625781 0.037500 0.035937
0 0.547656 0.659375 0.032813 0.034375
0 0.551562 0.695312 0.037500 0.034375
0 0.567187 0.735938 0.034375 0.031250
0 0.560156 0.767188 0.026562 0.025000
0 0.557813 0.791406 0.028125 0.020313
0 0.608594 0.608594 0.023438 0.029687
0 0.580469 0.670312 0.026562 0.028125
0 0.605469 0.654687 0.026562 0.031250
0 0.616406 0.682813 0.029687 0.028125
0 0.600781 0.728906 0.032813 0.035937
0 0.589844 0.765625 0.035937 0.034375
0 0.631250 0.632812 0.025000 0.025000
0 0.635156 0.663281 0.032813 0.035937
0 0.639062 0.701562 0.028125 0.028125
0 0.623437 0.748437 0.021875 0.021875
0 0.626563 0.777344 0.028125 0.029687
0 0.670312 0.624219 0.034375 0.035937
0 0.685937 0.676562 0.028125 0.028125
0 0.660937 0.689063 0.025000 0.025000
0 0.682031 0.713281 0.042188 0.032813
0 0.685937 0.750781 0.034375 0.032813
0 0.655469 0.762500 0.032813 0.037500
0 0.656250 0.802344 0.037500 0.032813
0 0.688281 0.782031 0.029687 0.029687
0 0.718750 0.783594 0.028125 0.026562
0 0.723437 0.752344 0.031250 0.032813
0 0.707031 0.582031 0.029687 0.023438
0 0.745313 0.575000 0.034375 0.031250
0 0.785156 0.592969 0.035937 0.039062
0 0.841406 0.571875 0.042188 0.034375
0 0.889062 0.571875 0.037500 0.031250
0 0.932031 0.576562 0.029687 0.037500
0 0.971875 0.592969 0.043750 0.039062
0 0.974219 0.625781 0.032813 0.026562
0 0.987500 0.682031 0.025000 0.029687
0 0.970313 0.702344 0.037500 0.032813
0 0.983594 0.737500 0.032813 0.031250
0 0.980469 0.773438 0.023438 0.021875
0 0.710156 0.613281 0.035937 0.035937
0 0.753125 0.609375 0.034375 0.034375
0 0.813281 0.616406 0.032813 0.035937
0 0.779687 0.628125 0.040625 0.034375
0 0.706250 0.654687 0.025000 0.028125
0 0.718750 0.706250 0.037500 0.034375
0 0.742969 0.652344 0.032813 0.035937
0 0.752344 0.689844 0.039062 0.039062
0 0.750000 0.728125 0.028125 0.028125
0 0.747656 0.775781 0.026562 0.029687
0 0.771875 0.765625 0.031250 0.028125
0 0.780469 0.728906 0.032813 0.035937
0 0.789062 0.700781 0.028125 0.029687
0 0.785937 0.666406 0.040625 0.039062
0 0.826562 0.650000 0.031250 0.028125
0 0.858594 0.658594 0.029687 0.026562
0 0.819531 0.694531 0.029687 0.035937
0 0.842969 0.725781 0.035937 0.032813
0 0.835156 0.781250 0.023438 0.021875
0 0.881250 0.807031 0.031250 0.029687
0 0.916406 0.803906 0.026562 0.023438
0 0.894531 0.756250 0.035937 0.031250
0 0.880469 0.629687 0.039062 0.034375
0 0.917188 0.608594 0.037500 0.029687
0 0.939844 0.639844 0.042188 0.042188
0 0.914844 0.664844 0.026562 0.032813
0 0.916406 0.700781 0.035937 0.039062
0 0.918750 0.731250 0.031250 0.025000
0 0.942969 0.675781 0.029687 0.032813
0 0.941406 0.707812 0.017188 0.028125
0 0.950000 0.746875 0.025000 0.028125
0 0.939063 0.772656 0.025000 0.029687
