0 0.561719 0.104688 0.085938 0.093750
0 0.655469 0.059375 0.104688 0.106250
0 0.447656 0.085156 0.101562 0.089063
0 0.378906 0.147656 0.101562 0.104688
0 0.300000 0.181250 0.084375 0.087500
0 0.191406 0.251563 0.092188 0.093750
0 0.165625 0.333594 0.096875 0.092188
0 0.105469 0.367969 0.082812 0.073438
0 0.267188 0.291406 0.084375 0.085938
0 0.467969 0.221094 0.092188 0.098437
0 0.467187 0.311719 0.090625 0.085938
0 0.361719 0.263281 0.104688 0.117188
0 0.245312 0.385156 0.093750 0.095312
0 0.360938 0.369531 0.093750 0.095312
0 0.309375 0.450781 0.090625 0.092188
0 0.242188 0.510938 0.081250 0.084375
0 0.161719 0.432031 0.098437 0.101562
0 0.061719 0.469531 0.110937 0.101562
0 0.074219 0.556250 0.076563 0.087500
0 0.145313 0.545312 0.100000 0.096875
0 0.113281 0.639062 0.089063 0.081250
0 0.167969 0.716406 0.098437 0.095312
0 0.262500 0.665625 0.075000 0.068750
0 0.263281 0.747656 0.095312 0.092188
0 0.265625 0.845313 0.078125 0.078125
0 0.394531 0.805469 0.104688 0.095312
0 0.331250 0.715625 0.081250 0.075000
0 0.328125 0.640625 0.081250 0.078125
0 0.259375 0.591406 0.087500 0.085938
0 0.333594 0.547656 0.104688 0.098437
0 0.388281 0.477344 0.085938 0.098437
0 0.451562 0.399219 0.093750 0.098437
0 0.428906 0.603906 0.098437 0.092188
0 0.419531 0.697656 0.095312 0.089063
0 0.515625 0.741406 0.103125 0.098437
0 0.457813 0.907031 0.100000 0.092188
0 0.544531 0.857031 0.085938 0.082812
0 0.607812 0.903906 0.078125 0.070312
0 0.644531 0.850781 0.095312 0.085938
0 0.618750 0.751563 0.075000 0.081250
0 0.605469 0.666406 0.079687 0.082812
0 0.528906 0.633594 0.085938 0.082812
0 0.554688 0.550000 0.103125 0.100000
0 0.554688 0.444531 0.096875 0.092188
0 0.559375 0.328125 0.081250 0.084375
0 0.599219 0.251563 0.098437 0.093750
0 0.621094 0.175000 0.085938 0.084375
0 0.727344 0.131250 0.092188 0.096875
0 0.714063 0.221094 0.081250 0.082812
0 0.660937 0.309375 0.087500 0.084375
0 0.640625 0.392188 0.106250 0.096875
0 0.640625 0.488281 0.096875 0.092188
0 0.656250 0.600000 0.090625 0.090625
0 0.730469 0.883594 0.092188 0.064062
0 0.736719 0.830469 0.089063 0.073438
0 0.732031 0.754687 0.085938 0.078125
0 0.738281 0.629687 0.095312 0.096875
0 0.739844 0.453906 0.092188 0.092188
0 0.811719 0.733594 0.085938 0.082812
0 0.811719 0.821875 0.085938 0.084375
0 0.819531 0.665625 0.082812 0.081250
0 0.782031 0.539844 0.092188 0.095312
0 0.751563 0.300781 0.096875 0.095312
0 0.805469 0.200000 0.101562 0.103125
0 0.817969 0.386719 0.095312 0.095312
0 0.849219 0.476562 0.098437 0.093750
0 0.864844 0.581250 0.082812 0.081250
0 0.911719 0.742969 0.089063 0.073438
0 0.488281 0.804688 0.070312 0.065625
0 0.236719 0.075000 0.098437 0.100000
0 0.161719 0.142969 0.104688 0.104688
0 0.063281 0.187500 0.085938 0.093750
0 0.072656 0.082812 0.095312 0.103125
0 0.305469 0.030469 0.082812 0.057813
0 0.912500 0.658594 0.096875 0.092188
0 0.952344 0.570312 0.082812 0.075000
0 0.946875 0.475000 0.093750 0.090625
0 0.922656 0.378906 0.085938 0.089063
0 0.864844 0.302344 0.101562 0.095312
