0 0.518750 0.298438 0.043750 0.040625
0 0.578906 0.313281 0.051562 0.048438
0 0.630469 0.317969 0.042188 0.039062
0 0.673438 0.346875 0.046875 0.046875
0 0.711719 0.343750 0.032813 0.034375
0 0.710156 0.384375 0.045312 0.043750
0 0.666406 0.395313 0.048438 0.050000
0 0.622656 0.402344 0.045312 0.045312
0 0.582812 0.363281 0.043750 0.042188
0 0.625000 0.357812 0.034375 0.034375
0 0.542188 0.342969 0.043750 0.042188
0 0.474219 0.314063 0.045312 0.043750
0 0.496875 0.347656 0.037500 0.042188
0 0.526563 0.381250 0.037500 0.037500
0 0.545312 0.428906 0.043750 0.048438
0 0.594531 0.457031 0.051562 0.051562
0 0.643750 0.439844 0.046875 0.045312
0 0.507031 0.417969 0.035937 0.039062
0 0.494531 0.387500 0.035937 0.031250
0 0.468750 0.419531 0.037500 0.039062
0 0.435156 0.447656 0.042188 0.045312
0 0.428125 0.330469 0.046875 0.045312
0 0.389062 0.335156 0.037500 0.039062
0 0.415625 0.402344 0.046875 0.048438
0 0.365625 0.412500 0.040625 0.037500
0 0.366406 0.447656 0.039062 0.039062
0 0.402344 0.467969 0.035937 0.039062
0 0.429688 0.490625 0.040625 0.043750
0 0.503906 0.462500 0.045312 0.046875
0 0.557813 0.472656 0.031250 0.032813
0 0.544531 0.509375 0.045312 0.046875
0 0.585156 0.500781 0.045312 0.045312
0 0.648438 0.502344 0.046875 0.045312
0 0.676562 0.470313 0.034375 0.040625
0 0.685156 0.431250 0.039062 0.034375
0 0.710156 0.383594 0.045312 0.045312
0 0.747656 0.422656 0.051562 0.048438
0 0.744531 0.360938 0.035937 0.037500
0 0.771094 0.389844 0.032813 0.035937
0 0.495312 0.525000 0.046875 0.050000
0 0.457031 0.546094 0.039062 0.039062
0 0.410938 0.552344 0.053125 0.054688
0 0.360938 0.535156 0.037500 0.042188
0 0.360938 0.575000 0.040625 0.040625
0 0.413281 0.605469 0.054688 0.051562
0 0.468750 0.619531 0.043750 0.048438
0 0.496094 0.571094 0.045312 0.045312
0 0.535937 0.548438 0.050000 0.040625
0 0.552344 0.589063 0.042188 0.043750
0 0.514844 0.610156 0.042188 0.039062
0 0.434375 0.653906 0.053125 0.051562
0 0.487500 0.675000 0.046875 0.050000
0 0.525781 0.649219 0.042188 0.042188
0 0.566406 0.638281 0.045312 0.051562
0 0.532031 0.693750 0.048438 0.050000
0 0.603906 0.667969 0.039062 0.042188
0 0.604688 0.627344 0.043750 0.035937
0 0.621094 0.589844 0.045312 0.048438
0 0.582812 0.545312 0.046875 0.043750
0 0.620313 0.549219 0.031250 0.035937
0 0.658594 0.562500 0.048438 0.056250
0 0.700781 0.589844 0.048438 0.048438
0 0.714063 0.638281 0.040625 0.042188
0 0.691406 0.675781 0.048438 0.051562
0 0.653125 0.703125 0.037500 0.037500
0 0.614062 0.723437 0.050000 0.043750
0 0.602344 0.763281 0.045312 0.045312
0 0.653125 0.751563 0.050000 0.046875
0 0.698438 0.771094 0.043750 0.048438
0 0.731250 0.738281 0.043750 0.042188
0 0.656250 0.820312 0.050000 0.043750
0 0.701562 0.814844 0.040625 0.039062
0 0.588281 0.799219 0.039062 0.039062
0 0.560156 0.830469 0.048438 0.048438
0 0.538281 0.769531 0.039062 0.042188
0 0.507031 0.737500 0.035937 0.040625
0 0.489844 0.781250 0.048438 0.053125
0 0.446875 0.809375 0.043750 0.046875
0 0.491406 0.825000 0.042188 0.040625
0 0.426563 0.768750 0.046875 0.050000
0 0.451562 0.736719 0.037500 0.039062
0 0.393750 0.735938 0.050000 0.056250
0 0.353125 0.707031 0.053125 0.054688
0 0.385156 0.671875 0.039062 0.034375
0 0.375000 0.635938 0.043750 0.040625
0 0.333594 0.614844 0.045312 0.048438
0 0.311719 0.581250 0.042188 0.040625
0 0.331250 0.661719 0.040625 0.042188
0 0.353125 0.707031 0.053125 0.054688
0 0.354687 0.757031 0.037500 0.035937
0 0.317188 0.774219 0.050000 0.048438
0 0.375781 0.826562 0.042188 0.040625
0 0.386719 0.789844 0.039062 0.035937
0 0.410938 0.813281 0.034375 0.035937
0 0.524219 0.835938 0.026562 0.031250
0 0.744531 0.781250 0.048438 0.050000
0 0.784375 0.767188 0.040625 0.043750
0 0.730469 0.692187 0.039062 0.040625
0 0.755469 0.664844 0.039062 0.035937
0 0.768750 0.585156 0.037500 0.039062
0 0.737500 0.600000 0.034375 0.031250
0 0.705469 0.501563 0.051562 0.050000
0 0.717187 0.546875 0.037500 0.034375
0 0.757031 0.542969 0.035937 0.035937
0 0.746875 0.471875 0.037500 0.037500
0 0.750781 0.507812 0.039062 0.037500
0 0.781250 0.458594 0.037500 0.042188
0 0.830469 0.496094 0.045312 0.039062
0 0.840625 0.536719 0.046875 0.042188
0 0.862500 0.583594 0.031250 0.032813
0 0.809375 0.596875 0.031250 0.037500
0 0.794531 0.635156 0.051562 0.048438
0 0.849219 0.628125 0.035937 0.034375
0 0.842187 0.663281 0.037500 0.039062
0 0.807031 0.672656 0.035937 0.032813
0 0.778125 0.701562 0.046875 0.050000
0 0.826562 0.704688 0.034375 0.031250
0 0.800781 0.412500 0.039062 0.040625
0 0.343750 0.367969 0.053125 0.051562
0 0.325781 0.432031 0.048438 0.045312
0 0.296875 0.461719 0.037500 0.039062
0 0.264062 0.493750 0.046875 0.050000
0 0.321094 0.528125 0.042188 0.043750
0 0.347656 0.490625 0.051562 0.053125
0 0.225000 0.532031 0.053125 0.048438
0 0.185938 0.518750 0.037500 0.037500
0 0.176563 0.558594 0.050000 0.051562
0 0.161719 0.600781 0.042188 0.045312
0 0.197656 0.607031 0.039062 0.042188
0 0.282031 0.638281 0.042188 0.045312
0 0.289844 0.678125 0.042188 0.040625
0 0.242188 0.668750 0.040625 0.040625
0 0.198437 0.657813 0.046875 0.040625
0 0.156250 0.655469 0.046875 0.048438
0 0.197656 0.699219 0.042188 0.042188
0 0.258594 0.704688 0.045312 0.043750
0 0.271094 0.761719 0.051562 0.051562
0 0.235937 0.797656 0.040625 0.039062
0 0.202344 0.770312 0.042188 0.037500
0 0.178906 0.736719 0.039062 0.039062
0 0.160156 0.696875 0.039062 0.037500
0 0.326562 0.823438 0.037500 0.037500
0 0.280469 0.807813 0.057813 0.050000
0 0.242188 0.614062 0.050000 0.046875
0 0.268750 0.564063 0.053125 0.053125
0 0.287500 0.526563 0.034375 0.031250
0 0.304688 0.390625 0.040625 0.040625
0 0.281250 0.420312 0.043750 0.043750
0 0.248438 0.442188 0.043750 0.040625
0 0.215625 0.475781 0.056250 0.054688
0 0.238281 0.354687 0.048438 0.046875
0 0.296094 0.324219 0.048438 0.048438
0 0.359375 0.292187 0.053125 0.056250
0 0.364063 0.242969 0.037500 0.045312
0 0.401562 0.277344 0.043750 0.042188
0 0.442188 0.251563 0.050000 0.053125
0 0.456250 0.210156 0.037500 0.035937
0 0.478125 0.171875 0.050000 0.050000
0 0.482031 0.130469 0.039062 0.039062
0 0.414062 0.220312 0.046875 0.046875
0 0.467187 0.075781 0.059375 0.057813
0 0.422656 0.103125 0.048438 0.046875
0 0.382031 0.160938 0.057813 0.056250
0 0.430469 0.153125 0.035937 0.034375
0 0.330469 0.183594 0.054688 0.054688
0 0.303906 0.239844 0.048438 0.051562
0 0.318750 0.281250 0.043750 0.043750
0 0.237500 0.225781 0.056250 0.054688
0 0.140625 0.455469 0.046875 0.054688
0 0.193750 0.428125 0.034375 0.040625
0 0.224219 0.397656 0.048438 0.048438
0 0.160938 0.321875 0.056250 0.056250
0 0.219531 0.333594 0.042188 0.045312
0 0.095312 0.358594 0.053125 0.054688
0 0.076563 0.404687 0.031250 0.031250
0 0.149219 0.269531 0.045312 0.051562
0 0.207031 0.268750 0.048438 0.043750
0 0.113281 0.171094 0.042188 0.042188
0 0.156250 0.174219 0.040625 0.042188
0 0.214062 0.185938 0.059375 0.056250
0 0.102344 0.243750 0.048438 0.046875
0 0.109375 0.297656 0.053125 0.051562
0 0.038281 0.339844 0.048438 0.054688
0 0.032031 0.408594 0.051562 0.048438
0 0.045312 0.461719 0.050000 0.048438
0 0.094531 0.453906 0.032813 0.035937
0 0.328125 0.078125 0.053125 0.056250
0 0.283594 0.110156 0.054688 0.048438
0 0.274219 0.156250 0.045312 0.043750
0 0.370312 0.109375 0.040625 0.046875
0 0.399219 0.070312 0.039062 0.040625
0 0.288281 0.025000 0.051562 0.046875
0 0.223438 0.081250 0.040625 0.043750
0 0.192188 0.123438 0.037500 0.037500
0 0.112500 0.062500 0.040625 0.040625
0 0.114062 0.105469 0.034375 0.035937
0 0.077344 0.146094 0.032813 0.035937
0 0.061719 0.194531 0.048438 0.051562
0 0.043750 0.241406 0.046875 0.054688
0 0.032031 0.284375 0.032813 0.034375
0 0.066406 0.083594 0.045312 0.045312
0 0.131250 0.024219 0.043750 0.045312
0 0.189062 0.067187 0.053125 0.056250
0 0.249219 0.057031 0.042188 0.042188
0 0.333594 0.039062 0.042188 0.037500
0 0.166406 0.408594 0.035937 0.045312
0 0.044531 0.582031 0.048438 0.045312
0 0.065625 0.624219 0.040625 0.039062
0 0.025000 0.548438 0.037500 0.040625
0 0.047656 0.757812 0.045312 0.040625
0 0.060156 0.714063 0.042188 0.037500
0 0.017969 0.789062 0.032813 0.040625
0 0.015625 0.715625 0.028125 0.046875
0 0.016406 0.669531 0.029687 0.039062
0 0.017188 0.625000 0.031250 0.050000
0 0.564844 0.737500 0.051562 0.046875
0 0.800781 0.554688 0.045312 0.043750
0 0.789844 0.501563 0.042188 0.040625
0 0.028906 0.027344 0.045312 0.051562
0 0.037500 0.127344 0.034375 0.039062
0 0.067969 0.292969 0.035937 0.045312
0 0.056250 0.673438 0.031250 0.046875
0 0.417969 0.692969 0.045312 0.039062
0 0.655469 0.620313 0.054688 0.053125
0 0.647656 0.666406 0.042188 0.039062
0 0.199219 0.371875 0.048438 0.046875
0 0.020313 0.085938 0.037500 0.053125
0 0.214844 0.015625 0.042188 0.028125
0 0.462500 0.471875 0.034375 0.034375
0 0.462500 0.507031 0.031250 0.032813
0 0.082812 0.015625 0.050000 0.028125
