0 0.503125 0.170313 0.059375 0.059375
0 0.569531 0.193750 0.067187 0.065625
0 0.670312 0.242188 0.065625 0.062500
0 0.719531 0.279687 0.051562 0.053125
0 0.783594 0.306250 0.054688 0.053125
0 0.833594 0.319531 0.048438 0.051562
0 0.881250 0.336719 0.053125 0.051562
0 0.846094 0.404687 0.073438 0.071875
0 0.908594 0.447656 0.067187 0.067187
0 0.913281 0.507031 0.051562 0.051562
0 0.853125 0.487500 0.068750 0.065625
0 0.779687 0.446875 0.075000 0.071875
0 0.781250 0.376563 0.059375 0.065625
0 0.727344 0.337500 0.070312 0.065625
0 0.653906 0.309375 0.070312 0.071875
0 0.606250 0.256250 0.056250 0.056250
0 0.539844 0.250781 0.051562 0.051562
0 0.481250 0.237500 0.078125 0.075000
0 0.432031 0.189062 0.060937 0.068750
0 0.353906 0.202344 0.060937 0.064062
0 0.400000 0.242969 0.050000 0.054688
0 0.354687 0.271094 0.046875 0.054688
0 0.400781 0.303906 0.067187 0.067187
0 0.476562 0.295312 0.050000 0.053125
0 0.532813 0.302344 0.053125 0.051562
0 0.567969 0.343750 0.057813 0.056250
0 0.509375 0.352344 0.062500 0.067187
0 0.449219 0.350781 0.048438 0.054688
0 0.287500 0.228906 0.062500 0.060937
0 0.233594 0.259375 0.060937 0.056250
0 0.174219 0.275000 0.048438 0.056250
0 0.114062 0.340625 0.059375 0.068750
0 0.163281 0.331250 0.048438 0.050000
0 0.220312 0.316406 0.050000 0.048438
0 0.276562 0.306250 0.062500 0.059375
0 0.329688 0.349219 0.068750 0.064062
0 0.389844 0.362500 0.054688 0.046875
0 0.422656 0.401562 0.054688 0.053125
0 0.204687 0.372656 0.068750 0.064062
0 0.146875 0.392969 0.050000 0.048438
0 0.085938 0.407813 0.050000 0.046875
0 0.128906 0.435937 0.045312 0.050000
0 0.076563 0.460938 0.062500 0.056250
0 0.195312 0.435156 0.059375 0.060937
0 0.245312 0.428906 0.050000 0.051562
0 0.293750 0.400000 0.053125 0.050000
0 0.343750 0.403906 0.053125 0.051562
0 0.514062 0.421875 0.062500 0.059375
0 0.570312 0.399219 0.053125 0.054688
0 0.617969 0.421094 0.051562 0.051562
0 0.652344 0.378906 0.060937 0.064062
0 0.724219 0.402344 0.054688 0.051562
0 0.689844 0.444531 0.054688 0.048438
0 0.728906 0.483594 0.054688 0.051562
0 0.793750 0.510156 0.053125 0.051562
0 0.896094 0.568750 0.051562 0.046875
0 0.822656 0.561719 0.060937 0.060937
0 0.758594 0.564844 0.070312 0.070312
0 0.683594 0.525781 0.048438 0.048438
0 0.645312 0.475781 0.062500 0.060937
0 0.571875 0.450781 0.050000 0.048438
0 0.514062 0.485938 0.062500 0.062500
0 0.456250 0.454688 0.059375 0.062500
0 0.365625 0.457813 0.062500 0.062500
0 0.401562 0.501563 0.053125 0.056250
0 0.291406 0.467187 0.051562 0.053125
0 0.222656 0.480469 0.048438 0.051562
0 0.163281 0.477344 0.045312 0.048438
0 0.118750 0.502344 0.050000 0.048438
0 0.067969 0.513281 0.048438 0.048438
0 0.098437 0.563281 0.071875 0.064062
0 0.152344 0.539844 0.048438 0.054688
0 0.150781 0.599219 0.064062 0.064062
0 0.111719 0.638281 0.048438 0.048438
0 0.201563 0.528906 0.050000 0.051562
0 0.260156 0.528125 0.060937 0.062500
0 0.226562 0.575781 0.062500 0.051562
0 0.200000 0.625000 0.046875 0.053125
0 0.164062 0.663281 0.059375 0.057813
0 0.184375 0.716406 0.053125 0.054688
0 0.228906 0.676562 0.060937 0.065625
0 0.246875 0.621094 0.046875 0.048438
0 0.314063 0.562500 0.062500 0.062500
0 0.339844 0.508594 0.073438 0.064062
0 0.389844 0.563281 0.057813 0.064062
0 0.363281 0.608594 0.045312 0.045312
0 0.443750 0.585156 0.062500 0.057813
0 0.524219 0.542188 0.051562 0.046875
0 0.568750 0.518750 0.053125 0.053125
0 0.630469 0.534375 0.051562 0.050000
0 0.683594 0.585156 0.064062 0.064062
0 0.875781 0.617188 0.070312 0.062500
0 0.800781 0.621094 0.070312 0.057813
0 0.837500 0.676562 0.059375 0.056250
0 0.774219 0.675000 0.064062 0.059375
0 0.735156 0.625781 0.060937 0.067187
0 0.662500 0.646094 0.059375 0.060937
0 0.710156 0.692969 0.060937 0.060937
0 0.807813 0.716406 0.053125 0.048438
0 0.758594 0.735156 0.048438 0.048438
0 0.700781 0.746875 0.067187 0.059375
0 0.647656 0.705469 0.064062 0.057813
0 0.646094 0.767188 0.054688 0.053125
0 0.583594 0.759375 0.060937 0.062500
0 0.617188 0.596875 0.046875 0.046875
0 0.605469 0.643750 0.054688 0.050000
0 0.583594 0.693750 0.048438 0.053125
0 0.557813 0.585156 0.062500 0.064062
0 0.546875 0.648438 0.062500 0.062500
0 0.508594 0.607031 0.051562 0.051562
0 0.467969 0.648438 0.064062 0.068750
0 0.506250 0.681250 0.046875 0.046875
0 0.494531 0.728125 0.054688 0.053125
0 0.522656 0.768750 0.048438 0.046875
0 0.460156 0.771094 0.064062 0.054688
0 0.410156 0.634375 0.057813 0.059375
0 0.371094 0.674219 0.048438 0.048438
0 0.378125 0.728906 0.065625 0.054688
0 0.430469 0.688281 0.045312 0.051562
0 0.402344 0.777344 0.051562 0.048438
0 0.347656 0.778125 0.060937 0.062500
0 0.310937 0.725781 0.068750 0.060937
0 0.292969 0.776563 0.051562 0.046875
0 0.318750 0.663281 0.062500 0.064062
0 0.234375 0.743750 0.065625 0.062500
