0 0.097656 0.145313 0.132812 0.131250
0 0.135156 0.064062 0.085938 0.093750
0 0.296875 0.065625 0.093750 0.096875
0 0.175000 0.283594 0.100000 0.095312
0 0.277344 0.251563 0.101562 0.100000
0 0.158594 0.387500 0.114062 0.131250
0 0.251563 0.335156 0.109375 0.110937
0 0.460938 0.200781 0.115625 0.123438
0 0.402344 0.278906 0.098437 0.085938
0 0.395313 0.367188 0.121875 0.112500
0 0.308594 0.472656 0.101562 0.101562
0 0.116406 0.496094 0.110937 0.104688
0 0.210156 0.569531 0.120313 0.117188
0 0.216406 0.678125 0.120313 0.109375
0 0.183594 0.746875 0.132812 0.109375
0 0.264844 0.821875 0.157812 0.150000
0 0.411719 0.588281 0.079687 0.079687
0 0.349219 0.626563 0.101562 0.093750
0 0.407031 0.708594 0.107813 0.104688
0 0.413281 0.774219 0.085938 0.070312
0 0.513281 0.830469 0.117188 0.132812
0 0.626563 0.826562 0.118750 0.112500
0 0.532031 0.660937 0.114062 0.100000
0 0.561719 0.552344 0.126562 0.123438
0 0.658594 0.678125 0.145313 0.118750
0 0.491406 0.443750 0.095312 0.090625
0 0.493750 0.357031 0.084375 0.082812
0 0.566406 0.407031 0.085938 0.085938
0 0.651563 0.455469 0.087500 0.079687
0 0.587500 0.292969 0.118750 0.117188
0 0.556250 0.137500 0.106250 0.115625
0 0.646094 0.249219 0.095312 0.104688
0 0.670312 0.100000 0.100000 0.103125
0 0.765625 0.132031 0.112500 0.107813
0 0.699219 0.367969 0.110937 0.107813
0 0.787500 0.427344 0.100000 0.107813
0 0.812500 0.047656 0.109375 0.092188
0 0.809375 0.310937 0.118750 0.128125
0 0.682813 0.554688 0.121875 0.118750
0 0.794531 0.613281 0.110937 0.117188
0 0.899219 0.671875 0.095312 0.081250
0 0.937500 0.332031 0.103125 0.085938
0 0.936719 0.432031 0.104688 0.101562
0 0.960156 0.528906 0.079687 0.098437
0 0.789844 0.720313 0.107813 0.096875
0 0.871875 0.744531 0.075000 0.079687
0 0.966406 0.760156 0.067187 0.067187
0 0.904687 0.828906 0.081250 0.079687
0 0.965625 0.853906 0.068750 0.092188
0 0.733594 0.807813 0.110937 0.109375
0 0.960938 0.596875 0.078125 0.059375
