0 0.428125 0.332031 0.050000 0.051562
0 0.475000 0.334375 0.046875 0.043750
0 0.381250 0.335938 0.046875 0.050000
0 0.335156 0.335938 0.045312 0.043750
0 0.521094 0.348438 0.045312 0.040625
0 0.462500 0.382812 0.046875 0.046875
0 0.416406 0.383594 0.045312 0.042188
0 0.351562 0.377344 0.050000 0.048438
0 0.308594 0.396875 0.048438 0.050000
0 0.507031 0.392188 0.045312 0.046875
0 0.551562 0.378906 0.037500 0.035937
0 0.589063 0.365625 0.040625 0.040625
0 0.532031 0.429688 0.045312 0.043750
0 0.578125 0.417969 0.037500 0.035937
0 0.628125 0.385937 0.046875 0.046875
0 0.628906 0.428906 0.042188 0.039062
0 0.569531 0.465625 0.051562 0.046875
0 0.527344 0.480469 0.042188 0.042188
0 0.487500 0.473438 0.040625 0.037500
0 0.478906 0.432031 0.045312 0.048438
0 0.422656 0.422656 0.039062 0.039062
0 0.382031 0.426563 0.039062 0.034375
0 0.346094 0.445312 0.042188 0.040625
0 0.382031 0.464844 0.045312 0.042188
0 0.430469 0.462500 0.048438 0.043750
0 0.617188 0.474219 0.046875 0.051562
0 0.269531 0.414844 0.042188 0.042188
0 0.295312 0.453125 0.046875 0.046875
0 0.333594 0.493750 0.045312 0.040625
0 0.227344 0.403125 0.042188 0.050000
0 0.197656 0.439844 0.045312 0.042188
0 0.246094 0.451562 0.045312 0.046875
0 0.172656 0.467187 0.039062 0.040625
0 0.214062 0.507812 0.050000 0.043750
0 0.265625 0.482031 0.034375 0.035937
0 0.250781 0.532031 0.042188 0.042188
0 0.292187 0.535156 0.037500 0.039062
0 0.418750 0.510938 0.034375 0.037500
0 0.396875 0.543750 0.046875 0.046875
0 0.457813 0.504687 0.043750 0.043750
0 0.443750 0.539844 0.043750 0.042188
0 0.418750 0.581250 0.037500 0.037500
0 0.539844 0.522656 0.048438 0.045312
0 0.498437 0.539844 0.043750 0.042188
0 0.669531 0.407031 0.042188 0.039062
0 0.662500 0.444531 0.034375 0.035937
0 0.699219 0.437500 0.042188 0.043750
0 0.680469 0.475000 0.045312 0.043750
0 0.722656 0.479687 0.032813 0.034375
0 0.692969 0.525000 0.035937 0.037500
0 0.731250 0.529687 0.040625 0.040625
0 0.650000 0.524219 0.050000 0.045312
0 0.618750 0.556250 0.040625 0.040625
0 0.660156 0.560937 0.035937 0.037500
0 0.704688 0.563281 0.043750 0.042188
0 0.753906 0.563281 0.039062 0.035937
0 0.600781 0.519531 0.042188 0.048438
0 0.577344 0.560156 0.042188 0.045312
0 0.532031 0.567969 0.039062 0.035937
0 0.477344 0.581250 0.045312 0.043750
0 0.638281 0.589063 0.045312 0.043750
0 0.592969 0.600781 0.045312 0.045312
0 0.539062 0.616406 0.053125 0.048438
0 0.488281 0.623437 0.042188 0.040625
0 0.676562 0.634375 0.043750 0.046875
0 0.720313 0.611719 0.050000 0.048438
0 0.764062 0.597656 0.043750 0.042188
0 0.751563 0.641406 0.046875 0.042188
0 0.722656 0.672656 0.039062 0.035937
0 0.681250 0.673438 0.034375 0.034375
0 0.618750 0.651563 0.050000 0.043750
0 0.564844 0.666406 0.045312 0.042188
0 0.521094 0.662500 0.045312 0.043750
0 0.631250 0.685156 0.040625 0.042188
0 0.702344 0.705469 0.042188 0.045312
0 0.749219 0.707031 0.039062 0.039062
0 0.174219 0.510156 0.039062 0.039062
0 0.134375 0.542969 0.040625 0.042188
0 0.135156 0.592969 0.042188 0.039062
0 0.213281 0.577344 0.051562 0.045312
0 0.262500 0.581250 0.043750 0.040625
0 0.297656 0.593750 0.035937 0.037500
0 0.313281 0.564063 0.035937 0.037500
0 0.163281 0.622656 0.032813 0.032813
0 0.202344 0.623437 0.045312 0.037500
0 0.278125 0.623437 0.037500 0.037500
0 0.236719 0.653125 0.039062 0.034375
0 0.328906 0.633594 0.039062 0.035937
0 0.366406 0.631250 0.035937 0.034375
0 0.418750 0.630469 0.040625 0.045312
0 0.357031 0.574219 0.048438 0.042188
0 0.164844 0.655469 0.035937 0.035937
0 0.144531 0.684375 0.042188 0.037500
0 0.149219 0.726562 0.039062 0.037500
0 0.180469 0.705469 0.042188 0.039062
0 0.253125 0.721094 0.040625 0.039062
0 0.301563 0.704688 0.043750 0.040625
0 0.328906 0.675781 0.048438 0.035937
0 0.285156 0.666406 0.039062 0.035937
0 0.210156 0.735938 0.045312 0.040625
0 0.169531 0.762500 0.039062 0.040625
0 0.198437 0.789844 0.034375 0.029687
0 0.464062 0.672656 0.037500 0.032813
0 0.411719 0.679688 0.042188 0.037500
0 0.375781 0.664062 0.035937 0.031250
0 0.393750 0.717187 0.034375 0.037500
0 0.433594 0.746094 0.042188 0.035937
0 0.387500 0.757812 0.050000 0.040625
0 0.340625 0.717969 0.040625 0.039062
0 0.289844 0.749219 0.042188 0.042188
0 0.257031 0.792969 0.039062 0.032813
0 0.311719 0.794531 0.045312 0.042188
0 0.385937 0.805469 0.040625 0.039062
0 0.366406 0.840625 0.042188 0.040625
0 0.318750 0.842969 0.037500 0.032813
0 0.282813 0.823438 0.046875 0.040625
0 0.225781 0.811719 0.042188 0.035937
0 0.350000 0.781250 0.034375 0.034375
0 0.403906 0.842187 0.035937 0.037500
0 0.442969 0.842187 0.042188 0.040625
0 0.461719 0.804688 0.032813 0.034375
0 0.500000 0.813281 0.043750 0.039062
0 0.484375 0.843750 0.034375 0.037500
0 0.529687 0.839063 0.043750 0.040625
0 0.577344 0.832031 0.039062 0.039062
0 0.454688 0.771875 0.034375 0.037500
0 0.515625 0.770312 0.040625 0.040625
0 0.525000 0.733594 0.037500 0.039062
0 0.502344 0.702344 0.048438 0.045312
0 0.556250 0.707812 0.046875 0.040625
0 0.613281 0.726562 0.045312 0.037500
0 0.578906 0.748437 0.042188 0.040625
0 0.641406 0.796875 0.045312 0.040625
0 0.599219 0.782813 0.042188 0.043750
0 0.655469 0.833594 0.035937 0.035937
0 0.615625 0.830469 0.040625 0.045312
0 0.692969 0.818750 0.045312 0.043750
0 0.658594 0.724219 0.045312 0.045312
0 0.689844 0.751563 0.048438 0.050000
0 0.735156 0.746094 0.042188 0.042188
0 0.717969 0.782031 0.035937 0.032813
0 0.860938 0.523438 0.096875 0.078125
0 0.836719 0.592187 0.079687 0.078125
0 0.923438 0.441406 0.071875 0.076563
0 0.963281 0.565625 0.073438 0.075000
0 0.881250 0.640625 0.075000 0.062500
0 0.842969 0.703906 0.095312 0.085938
0 0.933594 0.689063 0.073438 0.081250
0 0.959375 0.767969 0.068750 0.067187
0 0.882812 0.781250 0.087500 0.096875
0 0.935156 0.831250 0.064062 0.062500
0 0.967969 0.482031 0.064062 0.076563
0 0.969531 0.389062 0.060937 0.075000
0 0.464844 0.704688 0.029687 0.028125
0 0.296875 0.352344 0.043750 0.042188
