0 0.391406 0.184375 0.076563 0.078125
0 0.466406 0.172656 0.070312 0.067187
0 0.540625 0.173437 0.081250 0.084375
0 0.629687 0.201563 0.087500 0.087500
0 0.691406 0.235156 0.060937 0.067187
0 0.750000 0.273438 0.084375 0.078125
0 0.818750 0.316406 0.065625 0.060937
0 0.632031 0.283594 0.076563 0.076563
0 0.533594 0.254688 0.073438 0.078125
0 0.428906 0.254688 0.082812 0.087500
0 0.331250 0.220312 0.075000 0.068750
0 0.282031 0.263281 0.064062 0.064062
0 0.358594 0.291406 0.070312 0.073438
0 0.231250 0.313281 0.075000 0.073438
0 0.174219 0.358594 0.067187 0.070312
0 0.238281 0.383594 0.067187 0.067187
0 0.296094 0.339844 0.067187 0.070312
0 0.353125 0.371875 0.068750 0.068750
0 0.414844 0.333594 0.076563 0.073438
0 0.483594 0.300781 0.064062 0.064062
0 0.574219 0.326562 0.082812 0.084375
0 0.647656 0.373437 0.079687 0.078125
0 0.719531 0.352344 0.070312 0.067187
0 0.862500 0.393750 0.075000 0.075000
0 0.785937 0.382031 0.078125 0.073438
0 0.725781 0.421875 0.073438 0.065625
0 0.652344 0.442969 0.064062 0.060937
0 0.558594 0.416406 0.073438 0.073438
0 0.498437 0.373437 0.078125 0.075000
0 0.414062 0.411719 0.081250 0.076563
0 0.486719 0.446094 0.082812 0.064062
0 0.132031 0.448437 0.064062 0.065625
0 0.198437 0.437500 0.071875 0.068750
0 0.280469 0.442188 0.076563 0.071875
0 0.352344 0.472656 0.070312 0.073438
0 0.423438 0.490625 0.065625 0.068750
0 0.510938 0.517969 0.078125 0.089063
0 0.590625 0.475781 0.059375 0.054688
0 0.733594 0.492969 0.085938 0.073438
0 0.809375 0.455469 0.084375 0.076563
0 0.907031 0.457031 0.082812 0.076563
0 0.860938 0.516406 0.068750 0.070312
0 0.945312 0.534375 0.084375 0.084375
0 0.846094 0.636719 0.070312 0.064062
0 0.954688 0.613281 0.075000 0.073438
0 0.890625 0.583594 0.075000 0.064062
0 0.807031 0.581250 0.073438 0.068750
0 0.735938 0.608594 0.065625 0.070312
0 0.685937 0.540625 0.075000 0.075000
0 0.610156 0.542969 0.070312 0.073438
0 0.092969 0.498437 0.064062 0.059375
0 0.073438 0.562500 0.059375 0.059375
0 0.171094 0.500000 0.067187 0.065625
0 0.232813 0.497656 0.059375 0.067187
0 0.135937 0.573438 0.062500 0.068750
0 0.101562 0.639062 0.068750 0.071875
0 0.121094 0.707031 0.057813 0.057813
0 0.300781 0.514062 0.076563 0.068750
0 0.205469 0.573438 0.073438 0.075000
0 0.281250 0.584375 0.084375 0.068750
0 0.176563 0.634375 0.078125 0.062500
0 0.250781 0.670312 0.073438 0.068750
0 0.185938 0.710938 0.071875 0.075000
0 0.142187 0.761719 0.053125 0.048438
0 0.189062 0.798438 0.050000 0.053125
0 0.248438 0.762500 0.056250 0.068750
0 0.300781 0.714844 0.057813 0.054688
0 0.259375 0.820312 0.059375 0.056250
0 0.368750 0.544531 0.081250 0.070312
0 0.443750 0.561719 0.071875 0.067187
0 0.335938 0.631250 0.078125 0.071875
0 0.407813 0.617188 0.065625 0.059375
0 0.393750 0.692187 0.078125 0.075000
0 0.329688 0.778125 0.084375 0.075000
0 0.325000 0.846094 0.056250 0.057813
0 0.552344 0.623437 0.079687 0.084375
0 0.475000 0.685937 0.087500 0.078125
0 0.440625 0.753125 0.059375 0.056250
0 0.430469 0.806250 0.057813 0.053125
0 0.383594 0.854688 0.064062 0.053125
0 0.464844 0.849219 0.057813 0.054688
0 0.641406 0.603125 0.070312 0.065625
0 0.691406 0.666406 0.082812 0.067187
0 0.607031 0.675781 0.089063 0.064062
0 0.539062 0.726562 0.075000 0.071875
0 0.494531 0.792969 0.070312 0.073438
0 0.580469 0.796094 0.089063 0.079687
0 0.532813 0.846875 0.075000 0.062500
0 0.646875 0.764062 0.059375 0.056250
0 0.711719 0.732812 0.079687 0.065625
0 0.941406 0.682031 0.076563 0.067187
0 0.869531 0.703125 0.067187 0.059375
0 0.895312 0.764844 0.078125 0.064062
0 0.798438 0.735938 0.068750 0.059375
0 0.830469 0.816406 0.060937 0.054688
0 0.757031 0.802344 0.085938 0.076563
0 0.678125 0.806250 0.059375 0.059375
0 0.725781 0.855469 0.067187 0.057813
0 0.651563 0.861719 0.056250 0.045312
