0 0.449365 0.329713 0.039104 0.037767
0 0.481451 0.315174 0.030414 0.032086
0 0.515709 0.327039 0.038770 0.040441
0 0.555648 0.324532 0.040441 0.040775
0 0.564004 0.361798 0.031751 0.029078
0 0.594753 0.331885 0.038436 0.037433
0 0.485294 0.360461 0.042112 0.043115
0 0.450702 0.374164 0.031083 0.033757
0 0.412600 0.358790 0.041110 0.041110
0 0.420287 0.320521 0.030414 0.029412
0 0.389037 0.332219 0.032754 0.033422
0 0.329044 0.345254 0.031083 0.032086
0 0.322861 0.379679 0.034091 0.036765
0 0.403910 0.392380 0.031751 0.030080
0 0.436664 0.404579 0.038436 0.037099
0 0.489138 0.403075 0.041110 0.042781
0 0.533422 0.392213 0.031417 0.032420
0 0.528910 0.362968 0.030414 0.028743
0 0.383021 0.433991 0.027406 0.029746
0 0.358122 0.447360 0.029078 0.029746
0 0.322694 0.429980 0.044452 0.043115
0 0.561664 0.441511 0.034425 0.038102
0 0.604612 0.366979 0.030080 0.029412
0 0.577540 0.395221 0.040775 0.040441
0 0.416444 0.438168 0.039439 0.040107
0 0.639037 0.354779 0.038770 0.041110
0 0.625836 0.394552 0.045120 0.043115
0 0.674131 0.387032 0.038102 0.035428
0 0.710729 0.427139 0.038436 0.038102
0 0.677807 0.416945 0.028075 0.027072
0 0.622660 0.455214 0.029412 0.030080
0 0.596591 0.472426 0.031417 0.031083
0 0.563670 0.475434 0.034425 0.031083
0 0.521390 0.451872 0.041444 0.040775
0 0.676805 0.476270 0.032754 0.032754
0 0.712901 0.478275 0.040107 0.040107
0 0.740976 0.449365 0.036096 0.036430
0 0.754178 0.487132 0.043783 0.039104
0 0.727273 0.515374 0.030080 0.026738
0 0.694686 0.538770 0.035094 0.032086
0 0.687500 0.506016 0.032086 0.034091
0 0.656417 0.538937 0.042112 0.038436
0 0.611297 0.520555 0.037433 0.037099
0 0.561330 0.509525 0.039104 0.037099
0 0.494652 0.508523 0.028075 0.028409
0 0.464906 0.464906 0.032086 0.029412
0 0.432988 0.467246 0.032420 0.028075
0 0.428643 0.508690 0.033088 0.031417
0 0.460227 0.526738 0.034759 0.032086
0 0.489472 0.540441 0.027741 0.030080
0 0.426805 0.543449 0.032754 0.031417
0 0.533255 0.536932 0.027072 0.026404
0 0.543951 0.567680 0.027741 0.025735
0 0.584893 0.545789 0.032086 0.030080
0 0.595254 0.572527 0.028743 0.028075
0 0.622159 0.551805 0.033088 0.032754
0 0.696858 0.566176 0.030749 0.026738
0 0.746825 0.551303 0.045120 0.039104
0 0.766878 0.521390 0.031083 0.029412
0 0.777741 0.584392 0.035428 0.031083
0 0.387533 0.514706 0.032420 0.030080
0 0.382854 0.548128 0.038436 0.033422
0 0.358456 0.523730 0.031751 0.032754
0 0.656584 0.576203 0.031083 0.028743
0 0.683656 0.591745 0.029078 0.029746
0 0.709392 0.613469 0.035762 0.040441
0 0.740307 0.603443 0.030080 0.027741
0 0.768382 0.618984 0.040107 0.028743
0 0.771725 0.653409 0.032754 0.028743
0 0.742146 0.643382 0.035094 0.030749
0 0.706217 0.651070 0.037433 0.035428
0 0.651404 0.613135 0.040107 0.043783
0 0.625501 0.582553 0.032420 0.030749
0 0.613135 0.610628 0.037099 0.033422
0 0.627005 0.649231 0.033422 0.042447
0 0.571691 0.603610 0.030414 0.030749
0 0.759191 0.688670 0.035094 0.035762
0 0.717747 0.683991 0.037767 0.035094
0 0.706384 0.650401 0.037099 0.035428
0 0.675635 0.674799 0.038436 0.039439
0 0.635361 0.699866 0.037433 0.033422
0 0.689505 0.713904 0.036765 0.035428
0 0.732453 0.720254 0.042447 0.038770
0 0.717246 0.754345 0.039439 0.041444
0 0.677640 0.758189 0.029746 0.025735
0 0.655080 0.732620 0.032086 0.031417
0 0.619318 0.730114 0.036765 0.037099
0 0.588235 0.716912 0.028743 0.027406
0 0.579378 0.680481 0.028409 0.030749
0 0.589071 0.645555 0.037099 0.038436
0 0.538937 0.624164 0.041778 0.035762
0 0.541277 0.679646 0.029078 0.031083
0 0.552139 0.727774 0.027406 0.029078
0 0.566678 0.754679 0.029746 0.028743
0 0.582219 0.790107 0.030749 0.028743
0 0.612968 0.766210 0.037433 0.037099
0 0.644886 0.802306 0.029078 0.027072
0 0.672460 0.788770 0.032086 0.028075
0 0.556484 0.828543 0.031417 0.032754
0 0.532420 0.710729 0.028743 0.027741
0 0.527908 0.759024 0.039104 0.038102
0 0.497493 0.734793 0.037099 0.032420
0 0.495822 0.781918 0.027072 0.031083
0 0.533590 0.790441 0.035762 0.032754
0 0.464572 0.751337 0.038102 0.037433
0 0.449532 0.794118 0.037433 0.038102
0 0.486965 0.809158 0.029412 0.026738
0 0.462734 0.832386 0.035762 0.035762
0 0.427306 0.833055 0.038436 0.034425
0 0.393048 0.825033 0.031417 0.031751
0 0.418115 0.703209 0.026070 0.024064
0 0.451872 0.684325 0.034759 0.036430
0 0.389037 0.717747 0.028743 0.031083
0 0.386029 0.786263 0.038770 0.033088
0 0.423295 0.771390 0.033757 0.029412
0 0.438837 0.724265 0.032754 0.032754
0 0.440508 0.648229 0.038102 0.038436
0 0.480949 0.656083 0.042781 0.039439
0 0.457888 0.614138 0.030080 0.031751
0 0.425969 0.616644 0.032420 0.030080
0 0.372660 0.669953 0.028743 0.029078
0 0.532420 0.593750 0.028743 0.027072
0 0.475267 0.567513 0.026738 0.028075
0 0.441344 0.572193 0.031083 0.028743
0 0.409759 0.580214 0.030080 0.032086
0 0.404579 0.639037 0.033088 0.028743
0 0.371156 0.622995 0.034425 0.028743
0 0.466410 0.494485 0.029078 0.027741
0 0.339572 0.490307 0.029412 0.030749
0 0.315842 0.471758 0.032086 0.031083
0 0.285762 0.440675 0.026738 0.029746
0 0.287934 0.397059 0.040441 0.038102
0 0.285929 0.363803 0.028409 0.029078
0 0.252507 0.378844 0.032420 0.031083
0 0.240140 0.412767 0.037099 0.038102
0 0.241644 0.445856 0.030749 0.028075
0 0.262868 0.479278 0.027741 0.026738
0 0.297961 0.497159 0.027072 0.029746
0 0.312667 0.528075 0.034425 0.034091
0 0.344251 0.557988 0.037433 0.032420
0 0.296959 0.558322 0.031751 0.032420
0 0.261029 0.567680 0.030080 0.025735
0 0.238135 0.552306 0.028409 0.027072
0 0.213570 0.435996 0.029412 0.030414
0 0.198529 0.464906 0.037433 0.035428
0 0.227774 0.478610 0.041778 0.036096
0 0.188670 0.500000 0.033088 0.032086
0 0.216410 0.516711 0.031751 0.037433
0 0.202540 0.552975 0.044118 0.037099
0 0.173463 0.527072 0.032086 0.030749
0 0.395555 0.467079 0.031751 0.030414
0 0.160762 0.557821 0.039439 0.036765
0 0.168282 0.605281 0.031751 0.032086
0 0.214405 0.585896 0.039773 0.036096
0 0.252507 0.591745 0.032420 0.033088
0 0.317680 0.581551 0.030414 0.028075
0 0.331551 0.611464 0.038770 0.039104
0 0.353610 0.585896 0.032086 0.030080
0 0.289104 0.635027 0.040775 0.040107
0 0.286263 0.594753 0.039104 0.035762
0 0.248663 0.633523 0.038102 0.036430
0 0.205381 0.625501 0.035094 0.030414
0 0.162934 0.641711 0.036430 0.032086
0 0.132520 0.639372 0.025735 0.028743
0 0.145722 0.664271 0.031417 0.033088
0 0.214071 0.663269 0.041778 0.037099
0 0.242146 0.695689 0.041778 0.047794
0 0.338737 0.679813 0.029746 0.026738
0 0.186832 0.697527 0.028743 0.029412
0 0.151571 0.709225 0.034425 0.035428
0 0.302139 0.685495 0.030749 0.028075
0 0.338068 0.716578 0.037767 0.037433
0 0.283088 0.733289 0.043449 0.037433
0 0.243483 0.767213 0.045789 0.047126
0 0.179646 0.735628 0.033757 0.036096
0 0.155582 0.748663 0.029746 0.028075
0 0.214739 0.718249 0.025735 0.028075
0 0.177473 0.786765 0.034759 0.037433
0 0.218750 0.792279 0.037099 0.035094
0 0.262701 0.813837 0.040107 0.036765
0 0.288937 0.769719 0.036430 0.031417
0 0.306985 0.797460 0.036430 0.032754
0 0.325201 0.833723 0.029412 0.027072
0 0.354111 0.758189 0.034425 0.032420
0 0.327373 0.651571 0.036430 0.036430
0 0.805983 0.608623 0.024398 0.024064
0 0.807320 0.637701 0.038436 0.030749
0 0.837066 0.600936 0.034425 0.032086
0 0.798964 0.535929 0.023061 0.025067
0 0.821691 0.512032 0.026404 0.027406
0 0.841076 0.491644 0.032420 0.028743
0 0.853777 0.453543 0.023730 0.023396
0 0.866143 0.409592 0.030414 0.027741
0 0.882854 0.432821 0.025735 0.027406
0 0.897894 0.384693 0.030414 0.032754
0 0.913937 0.418449 0.039773 0.038102
0 0.933155 0.454378 0.031417 0.027072
0 0.904078 0.461564 0.034759 0.032086
0 0.894719 0.493817 0.030749 0.027741
0 0.867647 0.513536 0.034759 0.033088
0 0.868984 0.548463 0.026070 0.025401
0 0.839238 0.542948 0.036096 0.033088
0 0.852106 0.567346 0.026404 0.026404
0 0.865976 0.593750 0.030749 0.027741
0 0.859960 0.621992 0.030080 0.028075
0 0.843082 0.657754 0.035094 0.034091
0 0.837066 0.687667 0.030414 0.030414
0 0.834893 0.724432 0.029412 0.026404
0 0.888703 0.736798 0.038770 0.031751
0 0.876170 0.763870 0.030414 0.025735
0 0.890876 0.791945 0.028409 0.025067
0 0.926136 0.724098 0.036096 0.031083
0 0.893717 0.664439 0.039439 0.034091
0 0.912266 0.623162 0.037099 0.035094
0 0.899733 0.574699 0.038770 0.036430
0 0.945856 0.542948 0.031417 0.025067
0 0.920622 0.523730 0.036430 0.034759
0 0.972426 0.482955 0.037099 0.034091
0 0.939672 0.491477 0.035762 0.033088
0 0.869151 0.479612 0.025735 0.027406
0 0.953209 0.569352 0.029412 0.027072
0 0.982787 0.556818 0.034425 0.032086
0 0.944853 0.610127 0.026738 0.024398
0 0.978777 0.607453 0.029746 0.027072
0 0.965408 0.635695 0.039104 0.034759
0 0.969251 0.670120 0.038770 0.035428
0 0.974098 0.708556 0.029746 0.024733
0 0.977941 0.736464 0.038102 0.033757
0 0.954378 0.777741 0.028409 0.026738
0 0.924799 0.785094 0.028075 0.024733
0 0.944686 0.803810 0.027072 0.026738
0 0.969084 0.837901 0.031083 0.025401
0 0.985795 0.770722 0.028409 0.029412
0 0.936999 0.680481 0.022393 0.020053
0 0.977273 0.410595 0.026070 0.029078
0 0.967246 0.435996 0.030749 0.025735
0 0.948529 0.401571 0.024733 0.027072
0 0.969753 0.357955 0.030414 0.026070
