0 0.102344 0.266406 0.064062 0.060937
0 0.234375 0.307031 0.081250 0.085938
0 0.300000 0.279687 0.062500 0.062500
0 0.379688 0.218750 0.043750 0.043750
0 0.397656 0.261719 0.054688 0.054688
0 0.352344 0.320312 0.089063 0.084375
0 0.291406 0.359375 0.064062 0.068750
0 0.164062 0.346094 0.062500 0.060937
0 0.089844 0.328906 0.073438 0.073438
0 0.059375 0.401562 0.075000 0.078125
0 0.171875 0.428906 0.071875 0.073438
0 0.212500 0.382031 0.062500 0.060937
0 0.060156 0.482031 0.079687 0.082812
0 0.075781 0.554688 0.070312 0.062500
0 0.167969 0.503125 0.070312 0.087500
0 0.269531 0.491406 0.067187 0.064062
0 0.236719 0.464062 0.067187 0.068750
0 0.317969 0.413281 0.064062 0.064062
0 0.221875 0.532813 0.059375 0.059375
0 0.158594 0.594531 0.064062 0.064062
0 0.107031 0.617969 0.079687 0.070312
0 0.142969 0.670312 0.060937 0.059375
0 0.190625 0.639062 0.065625 0.059375
0 0.196094 0.712500 0.073438 0.071875
0 0.264844 0.660937 0.064062 0.059375
0 0.243750 0.596094 0.081250 0.070312
0 0.322656 0.592187 0.060937 0.062500
0 0.371094 0.469531 0.085938 0.079687
0 0.403125 0.392188 0.075000 0.075000
0 0.387500 0.557031 0.081250 0.076563
0 0.383594 0.620313 0.064062 0.059375
0 0.338281 0.697656 0.085938 0.089063
0 0.246094 0.757031 0.064062 0.064062
0 0.308594 0.782031 0.064062 0.057813
0 0.368750 0.789844 0.062500 0.060937
0 0.417969 0.712500 0.064062 0.062500
0 0.435156 0.782031 0.060937 0.057813
0 0.494531 0.774219 0.067187 0.070312
0 0.561719 0.769531 0.057813 0.057813
0 0.630469 0.742188 0.064062 0.065625
0 0.692969 0.733594 0.064062 0.064062
0 0.514062 0.682813 0.068750 0.068750
0 0.548438 0.629687 0.062500 0.062500
0 0.486719 0.578125 0.079687 0.081250
0 0.460938 0.488281 0.084375 0.082812
0 0.544531 0.443750 0.067187 0.068750
0 0.551562 0.527344 0.056250 0.060937
0 0.607031 0.575000 0.092188 0.087500
0 0.629687 0.490625 0.087500 0.084375
0 0.430469 0.325781 0.067187 0.060937
0 0.486719 0.380469 0.095312 0.076563
0 0.512500 0.309375 0.059375 0.062500
0 0.600781 0.276562 0.092188 0.090625
0 0.600000 0.367969 0.081250 0.085938
0 0.674219 0.346875 0.064062 0.059375
0 0.681250 0.409375 0.065625 0.068750
0 0.686719 0.539062 0.070312 0.068750
0 0.606250 0.673438 0.078125 0.078125
0 0.680469 0.639062 0.057813 0.059375
0 0.748437 0.691406 0.081250 0.079687
0 0.736719 0.603906 0.076563 0.070312
0 0.798438 0.562500 0.068750 0.071875
0 0.864062 0.580469 0.068750 0.064062
0 0.746094 0.489063 0.079687 0.081250
0 0.757812 0.413281 0.087500 0.079687
0 0.819531 0.332813 0.064062 0.065625
0 0.864062 0.421875 0.081250 0.078125
0 0.811719 0.500781 0.060937 0.054688
0 0.907031 0.514844 0.073438 0.076563
0 0.935156 0.436719 0.067187 0.067187
0 0.940625 0.281250 0.071875 0.081250
0 0.924219 0.358594 0.089063 0.073438
0 0.426563 0.662500 0.056250 0.056250
