0 0.204687 0.153125 0.075000 0.081250
0 0.276562 0.106250 0.065625 0.062500
0 0.280469 0.183594 0.070312 0.070312
0 0.357812 0.107031 0.068750 0.070312
0 0.427344 0.089844 0.060937 0.057813
0 0.160938 0.204687 0.065625 0.068750
0 0.109375 0.243750 0.056250 0.059375
0 0.225781 0.260156 0.054688 0.060937
0 0.152344 0.290625 0.054688 0.059375
0 0.091406 0.303906 0.060937 0.054688
0 0.288281 0.274219 0.070312 0.073438
0 0.400781 0.230469 0.054688 0.060937
0 0.456250 0.213281 0.071875 0.079687
0 0.421875 0.152344 0.065625 0.064062
0 0.483594 0.077344 0.054688 0.064062
0 0.546094 0.085156 0.076563 0.079687
0 0.528125 0.177344 0.078125 0.082812
0 0.597656 0.145313 0.057813 0.062500
0 0.679688 0.104688 0.075000 0.078125
0 0.658594 0.186719 0.067187 0.070312
0 0.589063 0.219531 0.062500 0.067187
0 0.535937 0.255469 0.068750 0.070312
0 0.378125 0.296094 0.053125 0.054688
0 0.432812 0.299219 0.059375 0.067187
0 0.496094 0.353906 0.079687 0.076563
0 0.558594 0.310156 0.051562 0.060937
0 0.700781 0.237500 0.057813 0.050000
0 0.713281 0.166406 0.054688 0.057813
0 0.621094 0.283594 0.079687 0.076563
0 0.626563 0.354687 0.071875 0.065625
0 0.578906 0.396094 0.070312 0.073438
0 0.432812 0.380469 0.062500 0.060937
0 0.380469 0.354687 0.057813 0.068750
0 0.300781 0.364844 0.076563 0.076563
0 0.214844 0.325781 0.092188 0.085938
0 0.217969 0.407813 0.054688 0.059375
0 0.135937 0.353125 0.056250 0.062500
0 0.139063 0.413281 0.062500 0.067187
0 0.072656 0.389844 0.073438 0.076563
0 0.039844 0.464062 0.054688 0.053125
0 0.102344 0.480469 0.057813 0.057813
0 0.178906 0.478125 0.076563 0.071875
0 0.294531 0.444531 0.079687 0.076563
0 0.359375 0.410156 0.065625 0.073438
0 0.204687 0.544531 0.059375 0.054688
0 0.235937 0.503125 0.062500 0.062500
0 0.368750 0.477344 0.050000 0.054688
0 0.420312 0.448437 0.065625 0.068750
0 0.485938 0.464062 0.062500 0.059375
0 0.307812 0.532031 0.068750 0.073438
0 0.148438 0.532813 0.053125 0.056250
0 0.111719 0.588281 0.067187 0.067187
0 0.069531 0.523438 0.089063 0.078125
0 0.161719 0.648438 0.057813 0.056250
0 0.070312 0.584375 0.037500 0.046875
0 0.214844 0.609375 0.067187 0.065625
0 0.291406 0.593750 0.054688 0.059375
0 0.336719 0.610938 0.054688 0.050000
0 0.082812 0.662500 0.075000 0.075000
0 0.220312 0.671875 0.071875 0.071875
0 0.386719 0.640625 0.076563 0.071875
0 0.332031 0.679688 0.060937 0.065625
0 0.274219 0.703125 0.067187 0.071875
0 0.170313 0.751563 0.053125 0.050000
0 0.243750 0.764844 0.059375 0.054688
0 0.328125 0.739062 0.056250 0.056250
0 0.392188 0.706250 0.062500 0.062500
0 0.414062 0.775000 0.059375 0.053125
0 0.456250 0.730469 0.071875 0.070312
0 0.485156 0.660156 0.054688 0.051562
0 0.446094 0.594531 0.076563 0.076563
0 0.367188 0.536719 0.071875 0.070312
0 0.432812 0.519531 0.068750 0.064062
0 0.511719 0.554688 0.064062 0.059375
0 0.567969 0.513281 0.070312 0.073438
0 0.605469 0.459375 0.067187 0.065625
0 0.537500 0.624219 0.075000 0.073438
0 0.491406 0.778125 0.060937 0.050000
0 0.525000 0.735156 0.068750 0.067187
0 0.567969 0.789844 0.057813 0.051562
0 0.594531 0.696875 0.064062 0.056250
0 0.646094 0.742188 0.067187 0.065625
0 0.708594 0.764062 0.054688 0.053125
0 0.775000 0.762500 0.059375 0.056250
0 0.651563 0.679688 0.059375 0.059375
0 0.714844 0.703906 0.073438 0.073438
0 0.803125 0.707812 0.059375 0.056250
0 0.603906 0.622656 0.064062 0.073438
0 0.680469 0.617969 0.085938 0.082812
0 0.632031 0.553125 0.070312 0.068750
0 0.718750 0.555469 0.056250 0.057813
0 0.692187 0.436719 0.062500 0.057813
0 0.692187 0.377344 0.059375 0.054688
0 0.692187 0.300000 0.078125 0.081250
0 0.745313 0.492969 0.071875 0.076563
0 0.772656 0.586719 0.073438 0.070312
0 0.805469 0.640625 0.067187 0.065625
0 0.868750 0.678125 0.071875 0.084375
0 0.860156 0.602344 0.070312 0.067187
0 0.925781 0.645312 0.057813 0.059375
0 0.933594 0.575000 0.073438 0.075000
0 0.813281 0.525781 0.082812 0.073438
0 0.885938 0.540625 0.078125 0.075000
0 0.815625 0.440625 0.056250 0.062500
0 0.942187 0.492969 0.075000 0.067187
0 0.778125 0.389062 0.062500 0.056250
0 0.769531 0.326562 0.070312 0.059375
0 0.790625 0.177344 0.071875 0.082812
0 0.789844 0.259375 0.076563 0.078125
0 0.877344 0.278906 0.070312 0.070312
0 0.863281 0.196094 0.054688 0.060937
0 0.868750 0.393750 0.075000 0.075000
0 0.829688 0.325781 0.059375 0.067187
0 0.909375 0.343750 0.062500 0.059375
0 0.932031 0.424219 0.076563 0.073438
0 0.854688 0.470313 0.075000 0.071875
