0 0.628125 0.043750 0.081250 0.084375
0 0.858594 0.017188 0.082812 0.031250
0 0.775000 0.065625 0.103125 0.100000
0 0.697656 0.103906 0.076563 0.082812
0 0.762500 0.155469 0.081250 0.082812
0 0.838281 0.122656 0.079687 0.079687
0 0.907031 0.053125 0.089063 0.084375
0 0.939844 0.150781 0.101562 0.089063
0 0.854688 0.213281 0.103125 0.098437
0 0.961719 0.237500 0.076563 0.096875
0 0.469531 0.109375 0.101562 0.100000
0 0.560937 0.132031 0.081250 0.082812
0 0.375781 0.114844 0.079687 0.082812
0 0.294531 0.150000 0.095312 0.103125
0 0.224219 0.212500 0.082812 0.100000
0 0.160938 0.244531 0.081250 0.079687
0 0.360938 0.225781 0.093750 0.095312
0 0.478125 0.210156 0.103125 0.098437
0 0.638281 0.172656 0.082812 0.079687
0 0.571094 0.209375 0.076563 0.075000
0 0.696094 0.247656 0.095312 0.098437
0 0.769531 0.307031 0.082812 0.082812
0 0.864844 0.357812 0.107813 0.096875
0 0.690625 0.345313 0.103125 0.093750
0 0.598437 0.321875 0.078125 0.087500
0 0.510938 0.296094 0.100000 0.092188
0 0.422656 0.290625 0.079687 0.081250
0 0.227344 0.303906 0.082812 0.079687
0 0.340625 0.324219 0.093750 0.085938
0 0.413281 0.392188 0.082812 0.090625
0 0.117969 0.331250 0.092188 0.103125
0 0.064062 0.408594 0.084375 0.082812
0 0.196875 0.379688 0.078125 0.081250
0 0.269531 0.415625 0.085938 0.084375
0 0.144531 0.449219 0.076563 0.076563
0 0.221094 0.482812 0.076563 0.075000
0 0.155469 0.535156 0.095312 0.089063
0 0.068750 0.496094 0.090625 0.085938
0 0.058594 0.579688 0.070312 0.078125
0 0.078125 0.674219 0.106250 0.092188
0 0.159375 0.621875 0.084375 0.081250
0 0.360938 0.445312 0.078125 0.068750
0 0.309375 0.498437 0.081250 0.075000
0 0.257812 0.558594 0.081250 0.079687
0 0.250000 0.642188 0.090625 0.087500
0 0.171875 0.732031 0.084375 0.076563
0 0.103125 0.753125 0.078125 0.075000
0 0.167187 0.814844 0.075000 0.067187
0 0.303906 0.721875 0.095312 0.087500
0 0.239063 0.789062 0.084375 0.081250
0 0.287500 0.857031 0.090625 0.082812
0 0.383594 0.842187 0.076563 0.075000
0 0.374219 0.767188 0.079687 0.075000
0 0.438281 0.474219 0.079687 0.073438
0 0.386719 0.535156 0.079687 0.082812
0 0.398438 0.612500 0.068750 0.075000
0 0.417969 0.692187 0.085938 0.084375
0 0.452344 0.797656 0.089063 0.089063
0 0.478125 0.896875 0.081250 0.075000
0 0.499219 0.539062 0.085938 0.081250
0 0.483594 0.613281 0.073438 0.067187
0 0.530469 0.726562 0.114062 0.103125
0 0.546875 0.849219 0.087500 0.089063
0 0.503125 0.387500 0.081250 0.087500
0 0.626563 0.413281 0.090625 0.089063
0 0.571875 0.489063 0.093750 0.096875
0 0.578906 0.601562 0.073438 0.075000
0 0.605469 0.680469 0.079687 0.073438
0 0.598437 0.784375 0.078125 0.071875
0 0.636719 0.871875 0.089063 0.081250
0 0.728906 0.833594 0.085938 0.073438
0 0.689844 0.746094 0.095312 0.085938
0 0.673438 0.483594 0.078125 0.079687
0 0.632812 0.553125 0.084375 0.084375
0 0.673438 0.646094 0.075000 0.073438
0 0.903125 0.435937 0.093750 0.078125
0 0.811719 0.432031 0.076563 0.076563
0 0.735156 0.432812 0.082812 0.078125
0 0.776563 0.504687 0.084375 0.084375
0 0.733594 0.574219 0.076563 0.073438
0 0.754687 0.671094 0.087500 0.089063
0 0.785156 0.757812 0.092188 0.084375
0 0.857031 0.497656 0.076563 0.073438
0 0.818750 0.587500 0.078125 0.081250
0 0.947656 0.514844 0.085938 0.073438
0 0.908594 0.607812 0.079687 0.078125
0 0.863281 0.678906 0.098437 0.092188
0 0.974219 0.560937 0.051562 0.071875
0 0.983594 0.635938 0.032813 0.078125
0 0.985156 0.709375 0.029687 0.062500
