0 0.4375 0.489062 0.10625 0.040625
0 0.778906 0.915625 0.0890625 0.05
0 0.85 0.652344 0.05 0.148438
0 0.348437 0.252344 0.1625 0.0609375
0 0.3625 0.661719 0.075 0.114063
0 0.346094 0.535937 0.0953125 0.059375
0 0.917188 0.411719 0.096875 0.104687
0 0.617188 0.697656 0.0875 0.0890625
0 0.582812 0.786719 0.071875 0.0953125
0 0.927344 0.527344 0.117188 0.129688
0 0.432031 0.494531 0.104687 0.0921875
0 0.213281 0.703125 0.120312 0.121875
0 0.489844 0.789844 0.0890625 0.123438
0 0.8125 0.749219 0.096875 0.0609375
0 0.550781 0.514844 0.0765625 0.142188
0 0.782812 0.592969 0.103125 0.145313
0 0.514844 0.692187 0.117188 0.128125
0 0.804688 0.74375 0.065625 0.115625
0 0.508594 0.422656 0.123438 0.104687
0 0.653125 0.117969 0.071875 0.0828125
0 0.388281 0.390625 0.114063 0.134375
0 0.64375 0.239063 0.10625 0.078125
0 0.364062 0.270312 0.140625 0.128125
0 0.544531 0.520312 0.104687 0.071875
0 0.714844 0.327344 0.114063 0.120312
0 0.846094 0.657031 0.120312 0.120312
0 0.321094 0.142188 0.107813 0.115625
0 0.269531 0.617969 0.123438 0.107813
0 0.596875 0.370313 0.121875 0.109375
0 0.190625 0.4125 0.10625 0.0875
0 0.834375 0.496094 0.125 0.101562
0 0.495313 0.5875 0.121875 0.103125
0 0.330469 0.541406 0.0921875 0.126563
0 0.829687 0.239844 0.10625 0.114063
0 0.0875 0.55 0.078125 0.090625
0 0.464063 0.0929687 0.134375 0.129688
0 0.289062 0.440625 0.09375 0.11875
0 0.69375 0.432813 0.109375 0.0875
0 0.817969 0.345313 0.117188 0.103125
0 0.297656 0.759375 0.104687 0.09375
0 0.622656 0.610156 0.110937 0.0984375
0 0.790625 0.597656 0.109375 0.0671875
0 0.366406 0.673437 0.151562 0.109375
0 0.216406 0.228906 0.126563 0.126563
0 0.641406 0.114063 0.126563 0.11875
0 0.207813 0.530469 0.125 0.123438
0 0.135937 0.305469 0.115625 0.114063
0 0.499219 0.266406 0.123438 0.123438
0 0.735156 0.673437 0.110937 0.11875
0 0.690625 0.535937 0.09375 0.10625
0 0.267969 0.341406 0.0796875 0.0984375
0 0.670313 0.767187 0.103125 0.08125
0 0.139062 0.617188 0.08125 0.13125
0 0.638281 0.239063 0.110937 0.1625
0 0.096875 0.428125 0.125 0.11875
0 0.760938 0.177344 0.13125 0.114063
