0 0.10625 0.646094 0.203125 0.214062
0 0.590625 0.644531 0.15625 0.157813
0 0.319531 0.814062 0.182812 0.178125
0 0.5 0.821875 0.1625 0.140625
0 0.589063 0.146875 0.128125 0.125
0 0.178125 0.503125 0.134375 0.146875
0 0.0578125 0.485156 0.115625 0.120312
0 0.530469 0.560938 0.145313 0.140625
0 0.840625 0.853906 0.134375 0.114063
0 0.848437 0.264844 0.15 0.157813
0 0.757031 0.707812 0.139062 0.140625
0 0.208594 0.11875 0.189063 0.190625
0 0.0882813 0.870313 0.176563 0.16875
0 0.160156 0.314063 0.192188 0.171875
0 0.74375 0.584375 0.15 0.159375
0 0.710938 0.120312 0.134375 0.140625
0 0.899219 0.553125 0.157813 0.15625
0 0.623438 0.40625 0.146875 0.159375
0 0.333594 0.491406 0.189063 0.189063
0 0.683594 0.235156 0.160938 0.154687
0 0.282031 0.639063 0.132812 0.146875
0 0.914062 0.709375 0.15 0.146875
0 0.821875 0.400781 0.15 0.160938
0 0.473437 0.364844 0.15625 0.167187
0 0.696094 0.851562 0.148438 0.159375
0 0.455469 0.228125 0.120312 0.134375
0 0.326562 0.270312 0.175 0.159375
0 0.426562 0.66875 0.171875 0.15
