0 0.20477 0.449836 0.0476974 0.0608553
0 0.778783 0.54523 0.03125 0.0246711
0 0.78125 0.611842 0.0427632 0.0361842
0 0.325658 0.587993 0.0296053 0.0378289
0 0.870888 0.442434 0.0279605 0.0361842
0 0.865954 0.70148 0.03125 0.0411184
0 0.370888 0.796053 0.0411184 0.0460526
0 0.708059 0.636513 0.03125 0.0460526
0 0.23273 0.439967 0.0444079 0.0378289
0 0.625822 0.568257 0.0345395 0.0476974
0 0.414474 0.509868 0.0394737 0.0328947
0 0.936678 0.740954 0.03125 0.0444079
0 0.333882 0.825658 0.0328947 0.0394737
0 0.578947 0.511513 0.0559211 0.0427632
0 0.435033 0.369243 0.0444079 0.0345395
0 0.288651 0.356908 0.0509868 0.0296053
0 0.506579 0.789474 0.0493421 0.0328947
0 0.494243 0.602796 0.0378289 0.0345395
0 0.766447 0.53125 0.0328947 0.0361842
0 0.935033 0.409539 0.0378289 0.0328947
0 0.314967 0.807566 0.0476974 0.0657895
0 0.583882 0.65625 0.0460526 0.0822368
0 0.754112 0.698191 0.03125 0.0411184
0 0.764803 0.512336 0.0394737 0.0444079
0 0.958882 0.574836 0.0296053 0.03125
0 0.903783 0.393092 0.0575658 0.0460526
0 0.237664 0.462993 0.0345395 0.0476974
0 0.523026 0.457237 0.0460526 0.0723684
0 0.500822 0.537007 0.0411184 0.0378289
0 0.458882 0.814967 0.0361842 0.0476974
0 0.597862 0.805099 0.0411184 0.0476974
0 0.745888 0.474507 0.0411184 0.0476974
0 0.444901 0.394737 0.0345395 0.0460526
0 0.778783 0.554276 0.0279605 0.0263158
0 0.749178 0.703947 0.0476974 0.0625
0 0.450658 0.424342 0.0328947 0.0427632
0 0.285362 0.82648 0.0476974 0.0411184
0 0.254934 0.800987 0.0592105 0.0394737
0 0.364309 0.379112 0.0411184 0.0411184
0 0.972862 0.430099 0.03125 0.03125
0 0.429276 0.479441 0.0328947 0.0575658
0 0.435855 0.821546 0.0427632 0.0509868
0 0.465461 0.368421 0.0460526 0.0361842
0 0.657072 0.560855 0.03125 0.0460526
0 0.844572 0.550987 0.0378289 0.0394737
0 0.949013 0.556743 0.0328947 0.0411184
0 0.677632 0.411184 0.0361842 0.0394737
0 0.35773 0.671875 0.0378289 0.0279605
0 0.632401 0.407072 0.0345395 0.0476974
0 0.662007 0.793586 0.0378289 0.0378289
0 0.574013 0.606908 0.0460526 0.0296053
0 0.563322 0.492599 0.0345395 0.0509868
0 0.455592 0.565789 0.0427632 0.0296053
0 0.421053 0.686678 0.0263158 0.0378289
0 0.334704 0.663651 0.03125 0.0476974
0 0.148849 0.652961 0.0378289 0.0394737
0 0.970395 0.631579 0.0328947 0.0361842
0 0.172697 0.521382 0.0263158 0.0230263
0 0.178454 0.782072 0.0345395 0.03125
0 0.974507 0.372533 0.0378289 0.0476974
0 0.162007 0.560033 0.0345395 0.0345395
0 0.709704 0.663651 0.03125 0.0444079
0 0.699013 0.597039 0.0394737 0.0328947
0 0.868421 0.592928 0.0296053 0.0246711
0 0.447368 0.716283 0.0328947 0.03125
0 0.440789 0.648026 0.0361842 0.0263158
0 0.551809 0.728618 0.0279605 0.0263158
0 0.253289 0.592928 0.0296053 0.0213816
0 0.129112 0.509868 0.0246711 0.0197368
0 0.566612 0.315789 0.0476974 0.0394737
0 0.240954 0.409539 0.0378289 0.0296053
0 0.476974 0.499178 0.0296053 0.0345395
0 0.538651 0.707237 0.0378289 0.0296053
0 0.888158 0.527138 0.0263158 0.0213816
0 0.216283 0.792763 0.0378289 0.0328947
0 0.581414 0.680099 0.0279605 0.03125
0 0.486842 0.592105 0.0361842 0.0361842
0 0.497533 0.782072 0.0279605 0.0279605
0 0.745888 0.554276 0.0411184 0.0263158
0 0.356086 0.582237 0.0345395 0.0296053
0 0.676809 0.759868 0.0279605 0.0230263
0 0.36102 0.393914 0.0345395 0.03125
0 0.980263 0.51727 0.0296053 0.03125
0 0.430921 0.327303 0.0394737 0.0328947
0 0.653783 0.73273 0.03125 0.03125
0 0.587171 0.711349 0.0263158 0.03125
0 0.541118 0.621711 0.0361842 0.0361842
0 0.151316 0.709704 0.0296053 0.0378289
0 0.532895 0.591283 0.0263158 0.03125
0 0.418586 0.674342 0.0246711 0.0263158
0 0.0740132 0.505757 0.0197368 0.0246711
0 0.362664 0.816612 0.03125 0.0279605
0 0.935855 0.679276 0.0230263 0.0197368
0 0.299342 0.771382 0.0361842 0.0427632
0 0.916941 0.8125 0.0279605 0.0230263
0 0.671875 0.38898 0.0378289 0.0378289
0 0.841283 0.729441 0.0378289 0.0345395
0 0.38898 0.513158 0.03125 0.0361842
0 0.460526 0.831414 0.0296053 0.03125
0 0.314145 0.747533 0.0361842 0.03125
0 0.17023 0.528783 0.0345395 0.0213816
0 0.262336 0.481908 0.0246711 0.0230263
0 0.385691 0.789474 0.0345395 0.0263158
0 0.738487 0.452303 0.0328947 0.0361842
0 0.528783 0.758224 0.03125 0.0361842
0 0.203947 0.627467 0.0361842 0.0279605
0 0.977796 0.738487 0.03125 0.0296053
0 0.871711 0.76398 0.0296053 0.0246711
0 0.943257 0.806743 0.03125 0.03125
0 0.810855 0.575658 0.0361842 0.0328947
0 0.675164 0.676809 0.03125 0.0411184
0 0.621711 0.551809 0.0296053 0.03125
0 0.263158 0.567434 0.0296053 0.0296053
0 0.944901 0.402961 0.0246711 0.0230263
0 0.990132 0.801809 0.0197368 0.03125
0 0.297697 0.497533 0.0296053 0.0279605
0 0.900493 0.703947 0.0246711 0.0263158
0 0.840461 0.490132 0.0263158 0.0230263
0 0.675164 0.417763 0.0246711 0.0230263
0 0.945724 0.610197 0.0296053 0.0263158
0 0.144737 0.666941 0.0328947 0.0279605
0 0.683388 0.592928 0.0279605 0.0246711
0 0.599507 0.432566 0.0378289 0.0328947
0 0.674342 0.476151 0.0296053 0.0345395
0 0.766447 0.520559 0.0263158 0.0279605
0 0.777138 0.585526 0.0279605 0.0263158
0 0.690789 0.713816 0.0328947 0.0361842
0 0.564967 0.474507 0.0279605 0.0279605
0 0.572368 0.601151 0.0263158 0.03125
0 0.631579 0.427632 0.0361842 0.0296053
0 0.486842 0.806743 0.0296053 0.0279605
0 0.804276 0.60773 0.0263158 0.0246711
0 0.253289 0.378289 0.0296053 0.0296053
0 0.419408 0.320724 0.0296053 0.0296053
0 0.604441 0.365954 0.0279605 0.03125
0 0.412829 0.737664 0.0296053 0.03125
0 0.213816 0.586349 0.0361842 0.0345395
0 0.131579 0.639803 0.0263158 0.0296053
0 0.938322 0.753289 0.0246711 0.0263158
0 0.282895 0.595395 0.0394737 0.0328947
0 0.67352 0.788651 0.0279605 0.0279605
0 0.652138 0.614309 0.0378289 0.0378289
0 0.426809 0.614309 0.0279605 0.0345395
0 0.911184 0.622533 0.0328947 0.0378289
0 0.291118 0.633224 0.0361842 0.0394737
0 0.655428 0.574836 0.03125 0.0279605
0 0.636513 0.700658 0.0361842 0.0296053
0 0.740132 0.602796 0.0263158 0.0279605
0 0.581414 0.789474 0.03125 0.0328947
0 0.867599 0.480263 0.0279605 0.0296053
0 0.797697 0.535362 0.0263158 0.0246711
0 0.513158 0.819901 0.0361842 0.03125
0 0.498355 0.73602 0.0361842 0.0345395
0 0.925164 0.722862 0.03125 0.0411184
0 0.439145 0.407072 0.0394737 0.0345395
0 0.741776 0.641447 0.0296053 0.0296053
0 0.449836 0.371711 0.0279605 0.0361842
0 0.317434 0.580592 0.0263158 0.0263158
0 0.464638 0.751645 0.03125 0.0361842
0 0.199836 0.554276 0.0378289 0.0328947
0 0.768914 0.620066 0.0345395 0.0296053
0 0.29523 0.82977 0.0279605 0.03125
0 0.888158 0.736842 0.0361842 0.0328947
0 0.611842 0.609375 0.0328947 0.0378289
0 0.475329 0.564145 0.0263158 0.0263158
0 0.5 0.693257 0.0394737 0.0411184
0 0.866776 0.54852 0.0263158 0.0246711
0 0.433388 0.465461 0.03125 0.0296053
0 0.851151 0.568257 0.0279605 0.0279605
0 0.534539 0.789474 0.0328947 0.0296053
0 0.519737 0.652961 0.0296053 0.0296053
0 0.972039 0.480263 0.0328947 0.0328947
0 0.493421 0.506579 0.0296053 0.0328947
0 0.370066 0.621711 0.0296053 0.0296053
0 0.897204 0.575658 0.0378289 0.0394737
0 0.726974 0.515625 0.0296053 0.03125
0 0.358553 0.523849 0.0263158 0.0246711
0 0.983553 0.772204 0.0263158 0.0345395
0 0.759868 0.685855 0.0361842 0.0394737
0 0.96875 0.360197 0.0328947 0.0263158
0 0.944901 0.543586 0.0279605 0.0279605
0 0.528783 0.363487 0.03125 0.0263158
0 0.881579 0.431743 0.0296053 0.0279605
0 0.978618 0.610197 0.0263158 0.0296053
0 0.300164 0.682566 0.03125 0.0328947
0 0.459704 0.527961 0.0378289 0.0361842
0 0.95148 0.775493 0.0279605 0.0279605
0 0.466283 0.462171 0.03125 0.0296053
0 0.694901 0.537007 0.03125 0.03125
0 0.287007 0.362664 0.03125 0.0279605
0 0.6875 0.507401 0.0328947 0.03125
0 0.645559 0.800987 0.0279605 0.0296053
0 0.238487 0.550164 0.0263158 0.0279605
0 0.458882 0.614309 0.0328947 0.0345395
0 0.612664 0.764803 0.0378289 0.0361842
0 0.296875 0.556743 0.03125 0.0345395
0 0.199013 0.467105 0.0328947 0.0296053
0 0.440789 0.723684 0.0263158 0.0328947
0 0.894737 0.494243 0.0263158 0.0279605
0 0.467928 0.494243 0.0279605 0.0279605
0 0.963816 0.639803 0.0361842 0.0296053
0 0.48273 0.316612 0.03125 0.0279605
0 0.625 0.646382 0.0296053 0.0361842
0 0.655428 0.537829 0.0345395 0.0361842
0 0.931743 0.651316 0.03125 0.0361842
0 0.92352 0.783717 0.0279605 0.0279605
0 0.489309 0.404605 0.0411184 0.0394737
0 0.346217 0.555921 0.0345395 0.0296053
0 0.417763 0.703947 0.0263158 0.0263158
0 0.711349 0.476151 0.0411184 0.0378289
0 0.338816 0.486842 0.0296053 0.0296053
0 0.852796 0.452303 0.0279605 0.0263158
0 0.594572 0.331414 0.0378289 0.0378289
0 0.889803 0.791118 0.0296053 0.0328947
0 0.540296 0.676809 0.0279605 0.0345395
0 0.902138 0.460526 0.03125 0.0328947
0 0.266447 0.514803 0.0460526 0.0427632
0 0.837171 0.601151 0.0328947 0.03125
0 0.490132 0.537829 0.0296053 0.0296053
0 0.534539 0.534539 0.0296053 0.0296053
0 0.835526 0.689145 0.0296053 0.0263158
0 0.215461 0.434211 0.0263158 0.0296053
0 0.288651 0.398849 0.0378289 0.0378289
0 0.555921 0.825658 0.0263158 0.0361842
0 0.520559 0.450658 0.0378289 0.0361842
0 0.711349 0.613487 0.0345395 0.0361842
0 0.543586 0.567434 0.0279605 0.0328947
0 0.935855 0.490954 0.0328947 0.0345395
0 0.166941 0.605263 0.0378289 0.0328947
0 0.228618 0.478618 0.0361842 0.0263158
0 0.837993 0.540296 0.0345395 0.0345395
0 0.185855 0.699013 0.0328947 0.0296053
0 0.972862 0.708882 0.03125 0.0296053
0 0.569079 0.752467 0.0296053 0.03125
0 0.333882 0.61102 0.0361842 0.0378289
0 0.317434 0.472039 0.0296053 0.0296053
0 0.313322 0.525493 0.03125 0.0378289
0 0.334704 0.717105 0.0378289 0.0394737
0 0.358553 0.446546 0.0296053 0.0279605
0 0.649671 0.76398 0.0296053 0.0279605
0 0.212993 0.721217 0.0279605 0.0246711
0 0.179276 0.73602 0.0361842 0.0345395
0 0.189145 0.5 0.0296053 0.0296053
0 0.383224 0.433388 0.0296053 0.0279605
0 0.401316 0.395559 0.0328947 0.0279605
0 0.421875 0.768914 0.03125 0.0345395
0 0.393092 0.822368 0.0263158 0.0296053
0 0.325658 0.831414 0.0328947 0.0345395
0 0.584704 0.544408 0.03125 0.0328947
0 0.564145 0.36102 0.0296053 0.0279605
0 0.981908 0.557566 0.0296053 0.0328947
0 0.618421 0.728618 0.0328947 0.0328947
0 0.770559 0.651316 0.0279605 0.0263158
0 0.950658 0.570724 0.0296053 0.0296053
0 0.717105 0.754934 0.0394737 0.0394737
0 0.754934 0.489309 0.0427632 0.0411184
0 0.967928 0.67023 0.0345395 0.0378289
0 0.695724 0.567434 0.0296053 0.0263158
0 0.373355 0.666941 0.0328947 0.03125
0 0.160362 0.64227 0.0378289 0.0378289
0 0.875822 0.690789 0.03125 0.0296053
0 0.515625 0.327303 0.0378289 0.0394737
0 0.248355 0.632401 0.0427632 0.0411184
0 0.912007 0.419408 0.0411184 0.0394737
0 0.48602 0.359375 0.0378289 0.0411184
0 0.389803 0.716283 0.0263158 0.03125
0 0.287829 0.440789 0.0296053 0.0263158
0 0.810033 0.637336 0.03125 0.0279605
0 0.339638 0.679276 0.0279605 0.0296053
0 0.40625 0.638158 0.0328947 0.0296053
0 0.426809 0.542763 0.0279605 0.0328947
0 0.242599 0.445724 0.03125 0.0296053
0 0.246711 0.699013 0.0427632 0.0394737
0 0.894737 0.664474 0.0394737 0.0328947
0 0.894737 0.384868 0.0361842 0.0263158
0 0.353618 0.757401 0.0328947 0.0345395
0 0.393914 0.46875 0.03125 0.0296053
0 0.215461 0.516447 0.0328947 0.0328947
0 0.84375 0.658717 0.0328947 0.0345395
0 0.733553 0.71875 0.0394737 0.0427632
0 0.323191 0.377467 0.0378289 0.0345395
0 0.448191 0.32977 0.0378289 0.0378289
0 0.864309 0.412829 0.0246711 0.0296053
0 0.611842 0.520559 0.0361842 0.0378289
0 0.716283 0.684211 0.0345395 0.0361842
0 0.703947 0.651316 0.0328947 0.0296053
0 0.440789 0.570724 0.0296053 0.0328947
0 0.625 0.396382 0.0427632 0.0394737
0 0.710526 0.427632 0.0394737 0.0361842
0 0.282072 0.733553 0.0411184 0.0361842
0 0.449013 0.79523 0.0361842 0.0378289
0 0.263158 0.815789 0.0460526 0.0361842
0 0.604441 0.821546 0.0378289 0.0378289
0 0.625 0.456414 0.0328947 0.03125
0 0.427632 0.506579 0.0296053 0.0328947
0 0.383224 0.546053 0.0394737 0.0328947
0 0.866776 0.513158 0.0328947 0.0328947
0 0.243421 0.765625 0.0460526 0.0476974
0 0.933388 0.455592 0.03125 0.0296053
0 0.962993 0.435855 0.0345395 0.0296053
0 0.59375 0.570724 0.0296053 0.0296053
0 0.563322 0.440789 0.0345395 0.0361842
0 0.427632 0.832237 0.0328947 0.0361842
0 0.639803 0.356908 0.0394737 0.0394737
0 0.588816 0.644737 0.0394737 0.0394737
0 0.481086 0.655428 0.0378289 0.0378289
0 0.966283 0.837171 0.0345395 0.0296053
0 0.86102 0.624178 0.0279605 0.0279605
0 0.534539 0.393092 0.0361842 0.0328947
0 0.308388 0.796875 0.0378289 0.03125
0 0.217928 0.662829 0.0378289 0.0394737
0 0.625822 0.580592 0.0279605 0.0296053
0 0.388158 0.332237 0.0361842 0.0328947
0 0.32977 0.347039 0.03125 0.0296053
0 0.919408 0.522204 0.0394737 0.0345395
0 0.554276 0.324013 0.0361842 0.0394737
0 0.288651 0.766447 0.0378289 0.0328947
0 0.324013 0.427632 0.0427632 0.0427632
0 0.409539 0.578947 0.0328947 0.0328947
0 0.328125 0.650493 0.0345395 0.03125
0 0.595395 0.471217 0.0361842 0.03125
0 0.57648 0.394737 0.0378289 0.0361842
0 0.450658 0.683388 0.0361842 0.0378289
0 0.561678 0.509868 0.0411184 0.0394737
0 0.98602 0.380757 0.0279605 0.0345395
0 0.976974 0.413651 0.0263158 0.0246711
0 0.416941 0.438322 0.0378289 0.0345395
0 0.412007 0.35773 0.0378289 0.0378289
0 0.458059 0.432566 0.0378289 0.0296053
0 0.819079 0.509046 0.0296053 0.0279605
