0 0.68125 0.972656 0.15 0.0484375
0 0.426562 0.5 0.090625 0.075
0 0.394531 0.766406 0.114063 0.0953125
0 0.607813 0.694531 0.090625 0.0765625
0 0.80625 0.749219 0.096875 0.0953125
0 0.0921875 0.535937 0.09375 0.0875
0 0.213281 0.702344 0.101562 0.101562
0 0.489844 0.785937 0.0921875 0.090625
0 0.845312 0.654688 0.109375 0.1125
0 0.624219 0.610156 0.104687 0.0953125
0 0.194531 0.410156 0.0984375 0.0984375
0 0.790625 0.584375 0.103125 0.1
0 0.367188 0.673437 0.1125 0.096875
0 0.29375 0.757031 0.1 0.0890625
0 0.330469 0.535937 0.0859375 0.090625
0 0.263281 0.342969 0.101562 0.101562
0 0.930469 0.528125 0.117188 0.1125
0 0.144531 0.617188 0.104687 0.1
0 0.363281 0.266406 0.117188 0.104687
0 0.389062 0.389062 0.125 0.125
0 0.714844 0.324219 0.104687 0.101562
0 0.208594 0.528906 0.123438 0.110937
0 0.667969 0.766406 0.0984375 0.0921875
0 0.917969 0.422656 0.101562 0.0984375
0 0.835156 0.492969 0.120312 0.110937
0 0.552344 0.51875 0.101562 0.096875
0 0.635156 0.114063 0.123438 0.121875
0 0.214844 0.222656 0.117188 0.107813
0 0.090625 0.414062 0.11875 0.125
0 0.290625 0.442187 0.103125 0.096875
0 0.474219 0.0953125 0.126563 0.146875
0 0.486719 0.582812 0.120312 0.10625
0 0.510156 0.685156 0.123438 0.120312
0 0.690625 0.539062 0.09375 0.090625
0 0.128125 0.3 0.11875 0.115625
0 0.500781 0.264062 0.120312 0.121875
0 0.578906 0.780469 0.0921875 0.0921875
0 0.761719 0.164844 0.120312 0.114063
0 0.31875 0.141406 0.13125 0.129688
0 0.503125 0.428906 0.096875 0.0953125
0 0.839063 0.240625 0.121875 0.115625
0 0.692187 0.434375 0.109375 0.121875
0 0.639844 0.238281 0.126563 0.114063
0 0.59375 0.366406 0.11875 0.117188
0 0.739062 0.667188 0.11875 0.109375
0 0.826563 0.352344 0.134375 0.126563
0 0.266406 0.615625 0.117188 0.10625
