0 0.497656 0.318750 0.057813 0.059375
0 0.574219 0.327344 0.060937 0.060937
0 0.674219 0.373437 0.051562 0.053125
0 0.650781 0.417969 0.051562 0.048438
0 0.706250 0.425000 0.059375 0.062500
0 0.579688 0.403906 0.059375 0.057813
0 0.527344 0.369531 0.057813 0.064062
0 0.463281 0.360938 0.054688 0.053125
0 0.412500 0.373437 0.053125 0.056250
0 0.385937 0.318750 0.046875 0.053125
0 0.437500 0.313281 0.053125 0.054688
0 0.342187 0.353125 0.059375 0.062500
0 0.292187 0.383594 0.053125 0.054688
0 0.340625 0.418750 0.065625 0.062500
0 0.298438 0.456250 0.053125 0.059375
0 0.362500 0.471094 0.053125 0.051562
0 0.247656 0.442188 0.054688 0.059375
0 0.196875 0.460938 0.043750 0.046875
0 0.243750 0.507812 0.053125 0.056250
0 0.177344 0.503906 0.060937 0.057813
0 0.314844 0.510938 0.060937 0.059375
0 0.150000 0.550000 0.046875 0.050000
0 0.196875 0.553125 0.056250 0.053125
0 0.257031 0.584375 0.054688 0.056250
0 0.173437 0.600781 0.065625 0.054688
0 0.221875 0.623437 0.056250 0.056250
0 0.167969 0.659375 0.051562 0.050000
0 0.278125 0.643750 0.065625 0.056250
0 0.310156 0.599219 0.051562 0.051562
0 0.371094 0.561719 0.060937 0.070312
0 0.374219 0.621875 0.054688 0.053125
0 0.332031 0.664844 0.048438 0.048438
0 0.301563 0.707812 0.046875 0.046875
0 0.357031 0.724219 0.060937 0.060937
0 0.318750 0.755469 0.043750 0.054688
0 0.286719 0.795312 0.057813 0.053125
0 0.347656 0.800781 0.054688 0.051562
0 0.237500 0.818750 0.056250 0.053125
0 0.248438 0.748437 0.053125 0.056250
0 0.196094 0.752344 0.051562 0.054688
0 0.237500 0.694531 0.046875 0.051562
0 0.191406 0.700781 0.048438 0.045312
0 0.413281 0.435937 0.051562 0.053125
0 0.459375 0.471094 0.065625 0.060937
0 0.540625 0.447656 0.056250 0.057813
0 0.565625 0.503125 0.056250 0.056250
0 0.517188 0.524219 0.053125 0.051562
0 0.459375 0.540625 0.053125 0.056250
0 0.632812 0.533594 0.062500 0.057813
0 0.579688 0.562500 0.059375 0.056250
0 0.514844 0.612500 0.064062 0.059375
0 0.436719 0.592969 0.064062 0.060937
0 0.472656 0.642969 0.064062 0.054688
0 0.416406 0.670312 0.051562 0.050000
0 0.529687 0.669531 0.062500 0.057813
0 0.590625 0.675781 0.056250 0.054688
0 0.661719 0.656250 0.051562 0.053125
0 0.639844 0.707031 0.060937 0.057813
0 0.574219 0.736719 0.048438 0.045312
0 0.517969 0.726562 0.060937 0.059375
0 0.454688 0.719531 0.053125 0.057813
0 0.421094 0.811719 0.051562 0.060937
0 0.479687 0.798438 0.059375 0.068750
0 0.542969 0.789844 0.057813 0.064062
0 0.627344 0.767188 0.060937 0.071875
0 0.685156 0.750000 0.054688 0.053125
0 0.666406 0.827344 0.051562 0.054688
0 0.595313 0.835156 0.065625 0.064062
0 0.528125 0.857812 0.059375 0.053125
0 0.456250 0.854688 0.065625 0.053125
0 0.389844 0.857812 0.048438 0.046875
0 0.341406 0.852344 0.051562 0.051562
0 0.285938 0.846875 0.053125 0.053125
0 0.721875 0.803906 0.059375 0.057813
0 0.759375 0.758594 0.059375 0.060937
0 0.718750 0.677344 0.065625 0.067187
0 0.732031 0.618750 0.064062 0.056250
0 0.798438 0.591406 0.068750 0.064062
0 0.813281 0.651563 0.057813 0.056250
0 0.802344 0.702344 0.060937 0.057813
0 0.726562 0.535156 0.056250 0.057813
0 0.777344 0.511719 0.057813 0.060937
0 0.727344 0.478125 0.060937 0.056250
0 0.664062 0.473438 0.062500 0.053125
0 0.609375 0.451562 0.059375 0.056250
0 0.618750 0.361719 0.059375 0.057813
0 0.410156 0.512500 0.064062 0.065625
0 0.971094 0.530469 0.048438 0.045312
0 0.960156 0.583594 0.048438 0.045312
0 0.976562 0.682031 0.046875 0.039062
0 0.964844 0.641406 0.042188 0.035937
0 0.976562 0.729688 0.040625 0.037500
