0 0.469531 0.295312 0.057813 0.056250
0 0.526563 0.289844 0.040625 0.042188
0 0.569531 0.305469 0.048438 0.054688
0 0.667188 0.342969 0.050000 0.051562
0 0.703906 0.377344 0.045312 0.042188
0 0.788281 0.533594 0.048438 0.045312
0 0.794531 0.579688 0.057813 0.050000
0 0.747656 0.569531 0.042188 0.042188
0 0.736719 0.514844 0.042188 0.045312
0 0.734375 0.620313 0.043750 0.046875
0 0.766406 0.651563 0.048438 0.043750
0 0.806250 0.628125 0.046875 0.046875
0 0.807813 0.675781 0.050000 0.048438
0 0.789844 0.721094 0.048438 0.054688
0 0.735156 0.690625 0.045312 0.043750
0 0.763281 0.765625 0.051562 0.056250
0 0.713281 0.772656 0.054688 0.054688
0 0.706250 0.822656 0.053125 0.048438
0 0.664062 0.849219 0.046875 0.048438
0 0.614844 0.845313 0.048438 0.053125
0 0.573438 0.857031 0.037500 0.039062
0 0.528125 0.846875 0.050000 0.050000
0 0.482812 0.848437 0.040625 0.040625
0 0.517969 0.801562 0.042188 0.040625
0 0.568750 0.812500 0.053125 0.050000
0 0.613281 0.796094 0.042188 0.039062
0 0.657031 0.792188 0.048438 0.043750
0 0.640625 0.750781 0.043750 0.042188
0 0.698438 0.724219 0.046875 0.045312
0 0.689063 0.682031 0.040625 0.039062
0 0.658594 0.710156 0.039062 0.039062
0 0.606250 0.694531 0.050000 0.048438
0 0.647656 0.667188 0.048438 0.040625
0 0.690625 0.628906 0.043750 0.042188
0 0.688281 0.585156 0.051562 0.048438
0 0.689844 0.522656 0.045312 0.039062
0 0.643750 0.518750 0.040625 0.043750
0 0.675781 0.469531 0.045312 0.048438
0 0.624219 0.441406 0.042188 0.042188
0 0.677344 0.420312 0.048438 0.043750
0 0.641406 0.387500 0.045312 0.050000
0 0.578125 0.417969 0.046875 0.048438
0 0.582031 0.356250 0.048438 0.050000
0 0.529687 0.331250 0.043750 0.040625
0 0.482812 0.342969 0.040625 0.042188
0 0.464062 0.386719 0.059375 0.054688
0 0.606250 0.480469 0.043750 0.045312
0 0.596875 0.538281 0.053125 0.054688
0 0.546094 0.540625 0.051562 0.050000
0 0.540625 0.586719 0.043750 0.042188
0 0.488281 0.549219 0.051562 0.054688
0 0.641406 0.563281 0.045312 0.045312
0 0.632812 0.606250 0.043750 0.043750
0 0.592969 0.649219 0.042188 0.039062
0 0.548438 0.629687 0.040625 0.040625
0 0.557031 0.674219 0.051562 0.054688
0 0.592187 0.750781 0.053125 0.051562
0 0.552344 0.769531 0.039062 0.042188
0 0.507031 0.762500 0.045312 0.040625
0 0.539844 0.720313 0.054688 0.056250
0 0.484375 0.718750 0.056250 0.050000
0 0.476562 0.793750 0.046875 0.040625
0 0.496094 0.671875 0.048438 0.043750
0 0.496875 0.624219 0.043750 0.048438
0 0.448437 0.584375 0.053125 0.053125
0 0.414062 0.293750 0.046875 0.046875
0 0.434375 0.334375 0.050000 0.043750
0 0.408594 0.375000 0.051562 0.050000
0 0.394531 0.424219 0.057813 0.054688
0 0.396094 0.488281 0.054688 0.054688
0 0.411719 0.545312 0.054688 0.050000
0 0.434375 0.635156 0.056250 0.051562
0 0.421094 0.700000 0.051562 0.050000
0 0.428906 0.753906 0.054688 0.054688
0 0.410156 0.795312 0.039062 0.040625
0 0.439063 0.836719 0.046875 0.048438
0 0.390625 0.835156 0.046875 0.042188
0 0.319531 0.824219 0.051562 0.051562
0 0.383594 0.764844 0.045312 0.042188
0 0.357031 0.727344 0.051562 0.051562
0 0.366406 0.671094 0.051562 0.051562
0 0.381250 0.623437 0.056250 0.046875
0 0.360938 0.528125 0.046875 0.050000
0 0.342969 0.592187 0.051562 0.050000
0 0.316406 0.653125 0.054688 0.050000
0 0.314844 0.700000 0.048438 0.043750
0 0.314063 0.771875 0.056250 0.050000
0 0.274219 0.809375 0.045312 0.040625
0 0.236719 0.767969 0.057813 0.057813
0 0.269531 0.683594 0.048438 0.045312
0 0.238281 0.718750 0.042188 0.040625
0 0.192188 0.740625 0.046875 0.040625
0 0.288281 0.546094 0.054688 0.051562
0 0.290625 0.599219 0.053125 0.054688
0 0.237500 0.635156 0.059375 0.054688
0 0.346875 0.463281 0.053125 0.051562
0 0.353125 0.384375 0.059375 0.059375
0 0.365625 0.310937 0.053125 0.053125
0 0.322656 0.343750 0.048438 0.043750
0 0.284375 0.372656 0.050000 0.048438
0 0.310937 0.419531 0.050000 0.051562
0 0.289844 0.471875 0.060937 0.056250
0 0.238281 0.446094 0.051562 0.054688
0 0.215625 0.496875 0.053125 0.056250
0 0.245312 0.573438 0.056250 0.050000
0 0.208594 0.678906 0.051562 0.051562
0 0.166406 0.699219 0.051562 0.048438
0 0.148438 0.642969 0.053125 0.051562
0 0.525000 0.384375 0.046875 0.046875
0 0.622656 0.330469 0.042188 0.042188
0 0.189844 0.447656 0.042188 0.039062
0 0.171094 0.495312 0.042188 0.050000
0 0.141406 0.539844 0.042188 0.048438
0 0.192188 0.579688 0.053125 0.046875
0 0.244531 0.572656 0.054688 0.048438
0 0.142187 0.590625 0.053125 0.050000
0 0.510938 0.439063 0.053125 0.056250
0 0.516406 0.500000 0.054688 0.053125
0 0.450000 0.490625 0.053125 0.050000
0 0.455469 0.440625 0.054688 0.053125
0 0.728125 0.422656 0.053125 0.051562
0 0.714063 0.469531 0.037500 0.042188
0 0.760938 0.476562 0.043750 0.043750
