0 0.066406 0.110156 0.129688 0.142187
0 0.132031 0.230469 0.182812 0.198437
0 0.239063 0.330469 0.178125 0.185938
0 0.132031 0.689063 0.160938 0.153125
0 0.344531 0.595313 0.164062 0.165625
0 0.410156 0.296875 0.139063 0.137500
0 0.594531 0.113281 0.154688 0.157812
0 0.592969 0.306250 0.164062 0.153125
0 0.623437 0.477344 0.150000 0.164062
0 0.733594 0.233594 0.151562 0.145313
0 0.739062 0.364844 0.128125 0.123438
0 0.873437 0.311719 0.150000 0.148438
0 0.787500 0.585156 0.159375 0.176563
0 0.653125 0.689063 0.178125 0.162500
0 0.935156 0.708594 0.129688 0.170313
0 0.492969 0.613281 0.148438 0.151562
0 0.952344 0.537500 0.095312 0.171875
0 0.956250 0.190625 0.087500 0.156250
0 0.037500 0.588281 0.071875 0.160938
0 0.434375 0.453906 0.181250 0.176563
