0 0.474219 0.094531 0.135937 0.145313
0 0.638281 0.109375 0.120313 0.118750
0 0.641406 0.238281 0.117188 0.117188
0 0.501563 0.260937 0.115625 0.115625
0 0.754687 0.166406 0.134375 0.132812
0 0.323437 0.148438 0.125000 0.134375
0 0.210156 0.222656 0.117188 0.123438
0 0.129688 0.301563 0.115625 0.121875
0 0.090625 0.418750 0.121875 0.128125
0 0.264844 0.346094 0.104688 0.101562
0 0.356250 0.264844 0.118750 0.110937
0 0.090625 0.535937 0.093750 0.087500
0 0.199219 0.410938 0.104688 0.103125
0 0.200781 0.525000 0.126562 0.125000
0 0.291406 0.444531 0.095312 0.101562
0 0.146875 0.616406 0.103125 0.101562
0 0.214844 0.700000 0.104688 0.103125
0 0.267969 0.616406 0.114062 0.104688
0 0.295312 0.759375 0.100000 0.090625
0 0.366406 0.672656 0.120313 0.110937
0 0.486719 0.584375 0.126562 0.103125
0 0.332031 0.534375 0.089063 0.096875
0 0.390625 0.385937 0.131250 0.134375
0 0.503906 0.424219 0.110937 0.107813
0 0.550781 0.517188 0.098437 0.096875
0 0.394531 0.764062 0.098437 0.087500
0 0.512500 0.684375 0.118750 0.115625
0 0.486719 0.783594 0.095312 0.089063
0 0.580469 0.776563 0.092188 0.093750
0 0.672656 0.767188 0.095312 0.096875
0 0.738281 0.671875 0.114062 0.118750
0 0.626563 0.613281 0.100000 0.098437
0 0.807813 0.746875 0.093750 0.087500
0 0.850000 0.659375 0.109375 0.115625
0 0.696094 0.537500 0.101562 0.100000
0 0.598437 0.369531 0.115625 0.110937
0 0.693750 0.432812 0.109375 0.115625
0 0.829688 0.356250 0.128125 0.125000
0 0.839844 0.241406 0.114062 0.110937
0 0.710156 0.322656 0.107813 0.110937
0 0.792969 0.585156 0.095312 0.092188
0 0.838281 0.496875 0.110937 0.103125
0 0.919531 0.424219 0.101562 0.107813
0 0.932813 0.529687 0.112500 0.112500
0 0.611719 0.694531 0.089063 0.082812
