0 0.317187 0.823438 0.15625 0.15625
0 0.633594 0.389844 0.164062 0.170312
0 0.425781 0.678906 0.151562 0.164062
0 0.964063 0.629687 0.071875 0.1125
0 0.845312 0.852344 0.115625 0.104687
0 0.971875 0.625781 0.05625 0.110937
0 0.736719 0.0265625 0.110937 0.053125
0 0.967969 0.630469 0.0578125 0.117188
0 0.691406 0.247656 0.176563 0.145313
0 0.600781 0.64375 0.154687 0.1375
0 0.975 0.784375 0.05 0.134375
0 0.767187 0.715625 0.134375 0.1375
0 0.771875 0.702344 0.14375 0.154687
0 0.969531 0.786719 0.0578125 0.129688
0 0.734375 0.03125 0.11875 0.0625
0 0.971094 0.790625 0.0578125 0.1125
0 0.586719 0.65 0.129688 0.13125
0 0.182812 0.489844 0.140625 0.151562
0 0.221875 0.119531 0.1625 0.145313
0 0.338281 0.26875 0.154687 0.190625
0 0.732813 0.0296875 0.125 0.059375
0 0.176563 0.497656 0.15625 0.126563
0 0.330469 0.278906 0.145313 0.157813
0 0.972656 0.796094 0.0546875 0.139062
0 0.972656 0.789062 0.0484375 0.11875
0 0.888281 0.55625 0.157813 0.125
0 0.28125 0.644531 0.140625 0.114063
0 0.5 0.824219 0.1375 0.132812
0 0.0570313 0.478906 0.0984375 0.117188
0 0.10625 0.646094 0.203125 0.214062
0 0.590625 0.644531 0.15625 0.157813
0 0.0609375 0.485938 0.109375 0.146875
0 0.590625 0.148438 0.1 0.096875
0 0.0640625 0.4875 0.128125 0.1375
0 0.345313 0.489844 0.196875 0.164062
0 0.207031 0.119531 0.170312 0.167187
0 0.721875 0.115625 0.159375 0.15625
0 0.736719 0.582812 0.160938 0.13125
0 0.461719 0.239063 0.129688 0.134375
0 0.589063 0.148438 0.109375 0.115625
0 0.319531 0.814062 0.182812 0.178125
0 0.5 0.821875 0.1625 0.140625
0 0.589063 0.146875 0.128125 0.125
0 0.178125 0.503125 0.134375 0.146875
0 0.8875 0.560156 0.146875 0.148438
0 0.845312 0.850781 0.1375 0.132812
0 0.0578125 0.485156 0.115625 0.120312
0 0.841406 0.26875 0.154687 0.134375
0 0.530469 0.560938 0.145313 0.140625
0 0.840625 0.853906 0.134375 0.114063
0 0.471875 0.369531 0.159375 0.135937
0 0.0960938 0.867188 0.192188 0.19375
0 0.848437 0.264844 0.15 0.157813
0 0.166406 0.308594 0.210938 0.201562
0 0.457812 0.233594 0.125 0.110937
0 0.897656 0.559375 0.135937 0.165625
0 0.757031 0.707812 0.139062 0.140625
0 0.327344 0.49375 0.185937 0.153125
0 0.208594 0.11875 0.189063 0.190625
0 0.0882813 0.870313 0.176563 0.16875
0 0.160156 0.314063 0.192188 0.171875
0 0.815625 0.402344 0.15 0.139062
0 0.691406 0.244531 0.142188 0.160938
0 0.69375 0.855469 0.1375 0.135937
0 0.74375 0.584375 0.15 0.159375
0 0.710938 0.120312 0.134375 0.140625
0 0.899219 0.553125 0.157813 0.15625
0 0.623438 0.40625 0.146875 0.159375
0 0.333594 0.491406 0.189063 0.189063
0 0.683594 0.235156 0.160938 0.154687
0 0.282031 0.639063 0.132812 0.146875
0 0.914062 0.709375 0.15 0.146875
0 0.821875 0.400781 0.15 0.160938
0 0.473437 0.364844 0.15625 0.167187
0 0.696094 0.851562 0.148438 0.159375
0 0.433594 0.664062 0.151562 0.165625
0 0.455469 0.228125 0.120312 0.134375
0 0.326562 0.270312 0.175 0.159375
0 0.426562 0.66875 0.171875 0.15
