0 0.715625 0.317187 0.103125 0.08125
0 0.216406 0.701563 0.0953125 0.090625
0 0.709375 0.317969 0.096875 0.0921875
0 0.851562 0.653906 0.09375 0.126563
0 0.834375 0.361719 0.121875 0.0984375
0 0.833594 0.360156 0.114063 0.120312
0 0.21875 0.695312 0.1125 0.10625
0 0.21875 0.226562 0.1 0.115625
0 0.292188 0.45 0.084375 0.10625
0 0.732031 0.670313 0.117188 0.103125
0 0.398438 0.767969 0.096875 0.101562
0 0.427344 0.492969 0.0859375 0.0734375
0 0.514844 0.683594 0.107813 0.107813
0 0.360156 0.66875 0.110937 0.128125
0 0.826563 0.352344 0.109375 0.110937
0 0.510156 0.680469 0.104687 0.132812
0 0.585156 0.782812 0.0984375 0.10625
0 0.361719 0.669531 0.104687 0.0953125
0 0.554688 0.516406 0.096875 0.0828125
0 0.210156 0.216406 0.107813 0.135937
0 0.758594 0.153906 0.107813 0.126563
0 0.210938 0.220313 0.1 0.10625
0 0.138281 0.616406 0.0953125 0.120312
0 0.386719 0.390625 0.114063 0.14375
0 0.494531 0.785937 0.0859375 0.096875
0 0.491406 0.789062 0.0921875 0.115625
0 0.429688 0.495313 0.09375 0.0875
0 0.760938 0.167969 0.11875 0.114063
0 0.928125 0.528125 0.096875 0.121875
0 0.204688 0.703906 0.103125 0.104687
0 0.357031 0.264062 0.101562 0.115625
0 0.267969 0.61875 0.114063 0.084375
0 0.635156 0.105469 0.107813 0.129688
0 0.849219 0.653906 0.110937 0.117188
0 0.833594 0.494531 0.114063 0.123438
0 0.842188 0.489844 0.115625 0.114063
0 0.471094 0.0921875 0.154687 0.1375
0 0.489062 0.582812 0.11875 0.08125
0 0.489062 0.785937 0.084375 0.0875
0 0.551562 0.516406 0.090625 0.110937
0 0.260938 0.619531 0.103125 0.101562
0 0.289844 0.441406 0.114063 0.101562
0 0.825781 0.353906 0.139062 0.110937
0 0.0898438 0.535156 0.117188 0.0953125
0 0.505469 0.41875 0.114063 0.09375
0 0.492969 0.585156 0.132812 0.0984375
0 0.490625 0.788281 0.103125 0.101562
0 0.508594 0.685156 0.126563 0.126563
0 0.594531 0.367969 0.101562 0.101562
0 0.2875 0.758594 0.115625 0.101562
0 0.919531 0.419531 0.0953125 0.0984375
0 0.916406 0.421094 0.0921875 0.117188
0 0.321875 0.145313 0.121875 0.11875
0 0.791406 0.585938 0.107813 0.10625
0 0.93125 0.528125 0.11875 0.1125
0 0.804688 0.746875 0.09375 0.090625
0 0.33125 0.532812 0.090625 0.090625
0 0.205469 0.525781 0.120312 0.139062
0 0.804688 0.74375 0.1125 0.090625
0 0.332812 0.533594 0.103125 0.104687
0 0.4875 0.584375 0.128125 0.11875
0 0.614062 0.692969 0.090625 0.0828125
0 0.917188 0.417188 0.1125 0.109375
0 0.714844 0.324219 0.114063 0.110937
0 0.388281 0.389844 0.129688 0.126563
0 0.208594 0.526563 0.135937 0.11875
0 0.625 0.610937 0.10625 0.09375
0 0.503125 0.427344 0.10625 0.101562
0 0.146094 0.61875 0.101562 0.1
0 0.0921875 0.419531 0.1125 0.132812
0 0.75625 0.160938 0.128125 0.13125
0 0.364062 0.671094 0.11875 0.107813
0 0.635156 0.109375 0.129688 0.128125
0 0.789844 0.586719 0.0953125 0.0953125
0 0.321875 0.140625 0.13125 0.140625
0 0.553906 0.515625 0.104687 0.1
0 0.358594 0.260156 0.120312 0.114063
0 0.0914062 0.535156 0.0953125 0.0890625
0 0.195312 0.410156 0.1 0.0984375
0 0.579687 0.779688 0.08125 0.103125
0 0.488281 0.583594 0.107813 0.107813
0 0.671094 0.765625 0.0953125 0.090625
0 0.214062 0.705469 0.109375 0.110937
0 0.471875 0.0921875 0.13125 0.146875
0 0.294531 0.444531 0.0984375 0.0953125
0 0.641406 0.2375 0.120312 0.115625
0 0.830469 0.352344 0.139062 0.129688
0 0.264844 0.341406 0.104687 0.0984375
0 0.840625 0.239844 0.115625 0.114063
0 0.292969 0.757031 0.101562 0.0921875
0 0.579687 0.778125 0.09375 0.09375
0 0.132812 0.302344 0.125 0.123438
0 0.214844 0.220313 0.120312 0.11875
0 0.835938 0.492188 0.11875 0.1
0 0.502344 0.259375 0.114063 0.1125
0 0.594531 0.365625 0.120312 0.11875
0 0.742969 0.664844 0.120312 0.114063
0 0.696094 0.540625 0.0828125 0.1
0 0.690625 0.539844 0.1 0.0890625
0 0.267969 0.614844 0.117188 0.110937
0 0.142188 0.617188 0.115625 0.109375
0 0.692187 0.432031 0.109375 0.117188
